2.41860
2.39524
2.39282
2.38396
2.36704
2.35657
2.35093
2.37026
2.36382
2.35898
2.35173
2.35415
2.34207
2.32917
2.33079
2.34690
2.35254
2.34690
2.34045
2.33159
2.32837
2.32112
2.32192
2.32756
2.32273
2.31145
2.32515
2.33723
2.32998
2.32917
2.32354
2.31548
2.30903
2.32515
2.33643
2.33320
2.32676
2.32515
2.31467
2.30662
2.32192
2.33562
2.33320
2.34126
2.32354
2.31145
2.31467
2.32192
2.33079
2.33643
2.33401
2.32917
2.32354
2.31790
2.31548
2.31548
2.33804
2.33723
2.32837
2.32192
2.31548
2.31145
2.31790
2.33562
2.34045
2.33240
2.32998
2.32676
2.31790
2.31548
2.32031
2.33401
2.33562
2.33320
2.32998
2.32434
2.31709
2.30903
2.32676
2.33965
2.33159
2.33320
2.32515
2.31628
2.31467
2.32112
2.33643
2.34045
2.33481
2.33643
2.32192
2.31790
2.30339
2.32192
2.33562
2.33562
2.32837
2.32434
2.32112
2.31870
2.31790
2.33401
2.33723
2.33401
2.32756
2.31870
2.31467
2.31467
2.33723
2.34287
2.33562
2.33159
2.32756
2.32273
2.31467
2.31548
2.32998
2.33804
2.33643
2.32756
2.32031
2.31628
2.31790
2.33562
2.33481
2.33401
2.32515
2.32273
