2.33481
2.33401
2.32756
2.32031
2.32192
2.33804
2.34045
2.34126
2.33159
2.32273
2.32112
2.32354
2.33965
2.34932
2.34287
2.33643
2.33240
2.32917
2.31870
2.31709
2.33643
2.34771
2.34448
2.33884
2.33079
2.31951
2.32031
2.32112
2.33643
2.34368
2.34126
2.33723
2.33079
2.32031
2.32112
2.31790
2.33320
2.34368
2.34368
2.33643
2.32917
2.32434
2.32354
2.31709
2.32998
2.34287
2.33965
2.33159
2.32676
2.32273
2.31870
2.33079
2.33804
2.34045
2.33481
2.32756
2.32273
2.32273
2.32756
2.33401
2.34045
2.33240
2.32354
2.32031
2.32031
2.33643
2.33723
2.33562
2.33723
2.32434
2.31870
2.32031
2.33723
2.34529
2.34690
2.33965
2.33159
2.32515
2.32515
2.31790
2.33320
2.34448
2.34609
2.33965
2.33159
2.32676
2.32434
2.32031
2.32998
2.33643
2.33965
2.33320
2.32837
2.32112
2.31548
2.33723
2.33723
2.33562
2.33401
2.32998
2.32192
2.31790
2.33320
2.34529
2.33723
2.32998
2.32676
2.31790
2.32112
2.33804
2.33562
2.33965
2.33401
2.32434
2.31790
2.32434
2.33079
2.33643
2.33804
2.33079
2.33159
2.32192
2.31709
2.33481
2.34690
2.34045
2.33643
2.32998
