2.32756
2.33401
2.34045
2.33401
2.32917
2.32595
2.31467
2.32676
2.33159
2.33723
2.33562
2.32031
2.31870
2.32434
2.33079
2.33159
2.33643
2.32192
2.32273
2.32434
2.31548
2.32998
2.33643
2.33481
2.33320
2.33320
2.33481
2.33079
2.32434
2.32595
2.31709
2.31790
2.33562
2.34529
2.34609
2.33723
2.32273
2.32354
2.31628
2.31548
2.33643
2.34609
2.33884
2.32515
2.32917
2.32917
2.31226
2.31790
2.33804
2.34448
2.33723
2.33643
2.32354
2.32031
2.31387
2.32112
2.33481
2.33401
2.33159
2.32837
2.32434
2.31790
2.31790
2.33401
2.34368
2.34207
2.33562
2.32756
2.32112
2.31870
2.32112
2.33320
2.34448
2.33723
2.33320
2.32998
2.32434
2.31628
2.32354
2.33965
2.33965
2.34126
2.33481
2.32515
2.32192
2.31790
2.31709
2.32998
2.34771
2.34126
2.33240
2.33079
2.32354
2.31467
2.31387
2.33481
2.33401
2.34126
2.34207
2.32756
2.32112
2.31870
2.31709
2.33320
2.34045
2.32756
2.32837
2.32676
2.32112
2.31467
2.32917
2.34529
2.34207
2.33723
2.32917
2.32112
2.31387
2.31790
2.33481
2.34126
2.34045
2.33562
2.33159
2.32434
2.31548
2.31064
2.33562
2.34529
