2.32998
2.32031
2.32192
2.32031
2.32031
2.31790
2.31709
2.31467
2.31145
2.31467
2.32434
2.33159
2.33643
2.33401
2.33643
2.33240
2.33723
2.32756
2.32273
2.32031
2.31870
2.31790
2.31790
2.31548
2.31226
2.31628
2.32515
2.33079
2.33643
2.34126
2.34045
2.33723
2.33401
2.33643
2.32917
2.32434
2.32031
2.31709
2.31709
2.31709
2.31709
2.31387
2.31790
2.32354
2.31870
2.33159
2.33481
2.33965
2.33804
2.33643
2.34207
2.34126
2.33401
2.32031
2.31064
2.30500
2.30581
2.31467
2.32515
2.33159
2.33804
2.33965
2.34045
2.32192
2.31790
2.31628
2.32998
2.34045
2.35818
2.36301
2.35576
2.33320
2.30259
2.27842
2.27922
2.29695
2.33643
2.37188
2.40410
2.37993
2.35334
2.30581
2.27036
2.25989
2.28889
2.33804
2.38960
2.41538
2.40571
2.36060
2.29373
2.23330
2.20349
2.22363
2.29534
2.38235
2.44600
2.45647
2.41135
2.34045
2.25264
2.19221
2.18979
2.25264
2.34851
2.44036
2.48145
2.45325
2.36704
2.25586
2.16321
2.15515
2.19463
2.31790
2.44438
2.52656
2.52817
2.45808
2.33320
2.20107
2.11084
2.11487
2.21638
2.36624
2.49998
2.55234
2.50481
2.38799
2.19221
2.07700
2.10439
2.23652
2.41055
2.55476
2.60713
2.54993
2.40652
2.22202
2.07217
2.03108
2.10439
2.28164
2.46614
2.58618
2.61921
2.52656
2.37268
2.18254
2.05364
2.03511
2.15676
2.36382
2.55476
2.64661
2.61277
2.46936
2.26633
2.07781
1.99160
2.04558
2.22363
2.44841
2.61116
2.66030
2.57249
2.40007
2.20107
2.04719
2.01416
2.12212
2.32917
2.53542
2.64499
2.63855
2.52415
2.33079
2.13501
1.99724
2.00449
2.13904
2.37590
2.57410
2.65950
2.63613
2.49675
2.29856
2.10520
2.01497
2.05847
2.22686
2.44438
2.60471
2.64016
2.55476
2.38074
2.18738
2.04558
2.02141
2.13420
2.33723
2.54106
2.63855
2.61519
2.48870
2.30500
2.13179
2.05122
2.08586
2.24700
2.42747
2.56765
2.60149
2.53301
2.39041
2.21799
2.09150
2.06653
2.15676
2.31387
2.47983
2.58618
2.58618
2.49111
2.32998
2.17288
2.08184
2.10117
2.22363
2.38718
2.50884
2.56201
2.52012
2.41216
2.27036
2.15273
2.12051
2.18577
2.31790
2.45566
2.54026
2.53301
2.44761
2.31387
2.18818
2.12051
2.14629
2.23250
2.38960
2.49434
2.53381
2.47983
2.36865
2.25103
2.17126
2.16562
2.23088
