2.32756
2.32112
2.32031
2.32192
2.32031
2.31709
2.31467
2.30903
2.30742
2.30420
2.31467
2.32515
2.33079
2.32917
2.32998
2.32998
2.32273
2.32354
2.32112
2.31628
2.32192
2.30903
2.30742
2.30823
2.30662
2.31709
2.32676
2.33159
2.33723
2.33643
2.33320
2.32998
2.32676
2.32756
2.33079
2.31790
2.32031
2.31387
2.30903
2.30823
2.30984
2.30903
2.31226
2.31870
2.32756
2.32515
2.32273
2.32676
2.32515
2.32354
2.32192
2.31548
2.31709
2.30823
2.31306
2.30662
2.30420
2.31628
2.32434
2.32837
2.32917
2.33401
2.33240
2.33079
2.32998
2.32837
2.32515
2.32192
2.31790
2.31548
2.31548
2.30984
2.30823
2.30500
2.30903
2.32354
2.32273
2.32273
2.31628
2.32837
2.32837
2.32676
2.32434
2.32112
2.31709
2.31306
2.30823
2.30500
2.30098
2.30742
2.31628
2.32998
2.33481
2.34045
2.32998
2.32756
2.32192
2.31951
2.32031
2.32434
2.30903
2.29292
2.28809
2.30178
2.31387
2.34126
2.35415
2.35334
2.34932
2.33079
2.30823
2.28889
2.28245
2.29050
2.31387
2.33643
2.35254
2.35012
2.33401
2.31145
2.28164
2.27117
2.27761
2.31226
2.35496
2.38557
2.39443
2.36865
2.31790
2.26392
2.23008
2.22847
2.26553
2.32192
2.38315
2.42102
2.41216
2.36946
2.30742
2.25022
2.21799
2.22847
2.28809
2.35737
2.42102
2.44519
2.42424
2.35979
2.26714
2.18899
2.15676
2.19060
2.28245
2.39202
2.46855
2.48870
2.45164
2.36060
2.25828
2.17932
2.14709
2.20269
2.30098
2.41377
2.49192
2.50239
2.44036
2.32112
2.19866
2.10842
2.10439
2.19221
2.32998
2.46694
2.54268
2.52737
2.43311
2.29292
2.15918
2.08264
2.11567
2.23169
2.38638
2.51125
2.54832
2.49756
2.37510
2.23088
2.10923
2.07781
2.14709
2.29534
2.46050
2.56604
2.57571
2.49675
2.34609
2.19060
2.06653
2.06169
2.14790
2.31790
2.47822
2.57249
2.56765
2.46936
2.30984
2.15918
2.06250
2.07297
2.19785
2.37993
2.53623
2.59504
2.54429
2.40571
2.23088
2.08264
2.04155
2.09634
2.26069
2.44680
2.57812
2.60229
2.52576
2.38396
2.21396
2.08909
2.06169
2.13420
2.29775
2.46211
2.56685
2.56926
2.45808
2.31226
2.15435
2.07217
2.09473
2.22927
2.41458
2.54912
2.59102
2.52898
2.39443
2.23169
2.10923
2.07539
2.14468
2.29211
2.44680
2.54348
2.54187
2.45728
2.32434
2.17529
