2.33643
2.34932
2.35737
2.33804
2.32676
2.30984
2.31145
2.31387
2.33320
2.35334
2.36382
2.35979
2.33965
2.31064
2.28486
2.27278
2.28083
2.30420
2.34287
2.37188
2.38315
2.36946
2.33804
2.30903
2.28809
2.28809
2.30984
2.34287
2.37107
2.38074
2.36624
2.33079
2.28970
2.25908
2.24458
2.27922
2.32756
2.37993
2.40007
2.38477
2.36301
2.31790
2.27600
2.25505
2.26633
2.30420
2.35093
2.38396
2.38799
2.35979
2.31870
2.27761
2.26230
2.26311
2.30742
2.35496
2.40007
2.41135
2.39766
2.35254
2.29614
2.25264
2.23894
2.26311
2.31226
2.36382
2.39685
2.39604
2.36301
2.31467
2.26633
2.24377
2.25505
2.31306
2.36140
2.39927
2.40491
2.37510
2.32112
2.26553
2.22686
2.23330
2.28325
2.34771
2.39121
2.42424
2.40168
2.35576
2.29453
2.24539
2.24055
2.26875
2.32192
2.36946
2.39524
2.38396
2.34932
2.30742
2.26956
2.25586
2.27842
2.32031
2.37671
2.40571
2.41216
2.37993
2.32917
2.27117
2.24539
2.25103
2.28647
2.33562
2.37510
2.38799
2.37671
2.34448
2.30339
2.27600
2.27358
2.30178
2.33884
2.37913
2.39604
2.39282
2.34851
2.30178
2.26472
2.25344
2.27036
2.39121
2.36382
2.31064
2.29373
2.27681
2.28889
2.31226
2.34448
2.37429
2.37832
2.35898
2.32354
2.28970
2.26714
2.26553
2.29131
2.33481
2.36946
2.38154
2.37349
2.35254
2.31709
2.29131
2.28003
2.28809
2.31790
2.33804
2.35334
2.35254
2.33643
2.31709
2.30178
2.29614
2.29937
2.31709
2.34368
2.36221
2.37188
2.36140
2.32998
2.30500
2.28567
2.28647
2.29131
2.31628
2.33804
2.35576
2.36060
2.34690
2.32917
2.31226
2.30662
2.31467
2.33159
2.34932
2.37026
2.35415
2.34045
2.31548
2.29534
2.28245
2.29050
2.29775
2.32515
2.34448
2.35818
2.35254
2.33965
2.32434
2.31226
2.31064
2.31387
2.33240
2.34126
2.35093
2.34529
2.32998
2.31628
2.30098
2.28889
2.28567
2.30178
2.32998
2.35173
2.35898
2.35737
2.34126
2.32354
2.31145
2.31145
2.31870
2.32998
2.34045
2.34045
2.33965
2.31709
2.30339
2.29292
2.29211
2.30500
2.32354
2.34045
2.35012
2.35496
2.34771
2.33643
2.32192
2.31548
2.31064
2.32031
2.32434
2.32917
2.33643
2.33240
2.32031
2.30500
2.29534
2.29937
2.31387
2.32837
2.34448
2.35254
2.34932
2.33562
2.33320
2.32031
2.31870
