2.32595
2.32434
2.34287
2.33320
2.33804
2.33240
2.32676
2.32273
2.32031
2.31870
2.31790
2.31628
2.31548
2.31226
2.32031
2.30178
2.32273
2.31628
2.33240
2.34045
2.33159
2.33159
2.33079
2.32998
2.32917
2.32515
2.32192
2.31709
2.31467
2.31145
2.30903
2.30984
2.31226
2.31870
2.31628
2.33643
2.33401
2.34207
2.33481
2.32917
2.32676
2.32354
2.32273
2.32112
2.31951
2.31790
2.31467
2.31064
2.30823
2.31145
2.30500
2.32112
2.33159
2.32676
2.33723
2.33481
2.33401
2.33079
2.32676
2.32192
2.31870
2.31628
2.31467
2.31387
2.31145
2.30420
2.31145
2.30098
2.32354
2.33079
2.33079
2.33320
2.33320
2.33320
2.33159
2.32917
2.32676
2.32273
2.31951
2.31548
2.31226
2.31145
2.31387
2.30581
2.30178
2.32354
2.32354
2.33562
2.33965
2.33481
2.33159
2.32756
2.32676
2.32434
2.32273
2.32112
2.31870
2.31548
2.31226
2.31628
2.29534
2.30823
2.32192
2.31870
2.32998
2.33643
2.33804
2.33643
2.33159
2.32756
2.32354
2.32031
2.31790
2.31628
2.31467
2.31064
2.31548
2.28245
2.31226
2.31790
2.32756
2.32756
2.33320
2.33562
2.33481
2.33401
2.33079
2.32756
2.32354
2.32031
2.31709
2.31467
2.31064
2.31628
2.29775
2.30984
2.31226
2.31790
2.32434
2.32837
2.33804
2.33643
2.33240
2.32837
2.32434
2.32273
2.32192
2.32112
2.31790
2.31467
2.31790
2.30500
2.30259
2.31145
2.30903
2.32676
2.33159
2.33481
2.32917
2.32595
2.32112
2.31790
2.31628
2.31467
2.31709
2.29856
2.31145
2.31145
2.32031
2.32434
2.32837
2.33965
2.33804
2.33401
2.32998
2.32515
2.32354
2.32192
2.32112
2.31790
2.31548
2.31870
2.30581
2.30259
2.31145
2.30823
2.32676
2.32515
2.32676
2.32676
2.33079
2.33079
2.32917
2.32434
2.32112
2.31790
2.31628
2.31548
2.31306
2.31548
2.29775
2.31064
2.31548
2.32112
2.32676
2.33481
2.34126
2.33723
2.33320
2.32837
2.32515
2.32434
2.32354
2.32192
2.31870
2.31628
2.31870
2.30823
2.30581
2.31548
2.31226
2.32998
2.33320
2.33401
2.33562
2.33401
2.33159
2.33159
2.32917
2.32756
2.32354
2.31951
2.31709
2.32112
2.31064
2.30500
2.31226
2.30823
2.32273
2.32917
2.33079
2.33643
2.33481
2.33320
2.33401
2.33079
2.32837
2.32515
2.32112
2.31870
2.32192
2.31226
2.30581
2.31467
2.30500
2.31870
