2.28003
2.28889
2.32354
2.35496
2.37188
2.36785
2.34851
2.32192
2.30178
2.29534
2.30581
2.32676
2.34690
2.35737
2.35334
2.32837
2.30742
2.28486
2.27278
2.28809
2.32031
2.35254
2.36865
2.36704
2.35012
2.32595
2.30420
2.29211
2.29453
2.30823
2.32676
2.33965
2.34448
2.33079
2.32192
2.31387
2.30098
2.31467
2.32837
2.34207
2.35334
2.35576
2.34851
2.33401
2.31548
2.30178
2.29695
2.30178
2.31387
2.32756
2.33401
2.34448
2.33562
2.32998
2.31951
2.32515
2.31870
2.32756
2.33723
2.34448
2.34368
2.33481
2.32112
2.30742
2.29856
2.29937
2.30662
2.31790
2.32676
2.34690
2.34126
2.34126
2.32917
2.31790
2.31790
2.32756
2.33723
2.34126
2.33965
2.33079
2.31709
2.30581
2.29937
2.29856
2.30581
2.32112
2.33723
2.34609
2.33884
2.33481
2.32515
2.31467
2.32434
2.32917
2.33401
2.33481
2.33320
2.32676
2.31870
2.31064
2.30500
2.30339
2.30581
2.31870
2.33320
2.34126
2.35737
2.33320
2.32998
2.31951
2.32112
2.31387
2.32112
2.32434
2.32756
2.32434
2.31628
2.30984
2.30984
2.31870
2.32756
2.33723
2.34448
2.33965
2.34207
2.32998
2.32837
2.31951
2.31145
2.31628
2.32112
2.32354
2.32192
2.31790
2.31387
2.31387
2.32595
2.31790
2.33320
2.33965
2.34045
2.34045
2.33481
2.33401
2.32354
2.32273
2.31628
2.30984
2.31387
2.31790
2.32031
2.31628
2.31709
2.32354
2.32756
2.32998
2.33723
2.33723
2.33804
2.33643
2.33481
2.32837
2.32998
2.32112
2.32112
2.31548
2.31226
2.30903
2.31548
2.31709
2.31790
2.32756
2.32998
2.33079
2.33804
2.33804
2.33723
2.33481
2.32192
2.32112
2.31548
2.31145
2.30903
2.31870
2.32998
2.33481
2.33562
2.33965
2.33723
2.33643
2.33643
2.33562
2.33320
2.32837
2.32434
2.32273
2.32112
2.31548
2.31709
2.31467
2.32515
2.32837
2.32273
2.32998
2.33401
2.33159
2.32998
2.32756
2.32434
2.32354
2.32273
2.31951
2.31628
2.30823
2.31145
2.32031
2.32676
2.33481
2.33804
2.34529
2.33159
2.32917
2.32756
2.32354
2.32112
2.31870
2.31709
2.31628
2.31628
2.31467
2.32031
2.32837
2.33079
2.33481
2.33723
2.33723
2.33965
2.33562
2.34207
2.32917
2.32354
2.31709
2.31548
2.31387
2.31387
2.31467
2.31145
2.31628
2.32515
2.33079
2.33401
2.33723
2.33401
2.33240
2.33159
2.33401
