2.30903
2.31387
2.32354
2.32917
2.33079
2.33079
2.33159
2.32998
2.32434
2.32192
2.32273
2.31387
2.31951
2.31628
2.31387
2.30903
2.31467
2.32515
2.33159
2.33804
2.33965
2.33723
2.33562
2.33159
2.32837
2.33481
2.31790
2.32273
2.31548
2.32192
2.31145
2.30742
2.31064
2.31709
2.32434
2.32515
2.33320
2.32917
2.32676
2.32354
2.32192
2.32031
2.33320
2.31145
2.31548
2.30339
2.31387
2.31145
2.32112
2.33320
2.33965
2.33965
2.33562
2.32917
2.32112
2.31467
2.31064
2.31145
2.31064
2.31870
2.30903
2.32192
2.32273
2.32756
2.31870
2.32676
2.33079
2.33562
2.34126
2.34207
2.33965
2.33079
2.31870
2.30903
2.30178
2.29211
2.30903
2.30903
2.32515
2.33562
2.33723
2.33240
2.33079
2.32354
2.31870
2.32192
2.32998
2.33965
2.34368
2.34045
2.32837
2.31145
2.29614
2.29050
2.28970
2.30420
2.32756
2.34529
2.35979
2.35657
2.34045
2.31628
2.30259
2.30098
2.31064
2.32837
2.34448
2.35173
2.34368
2.32434
2.29856
2.29211
2.27117
2.29373
2.32031
2.35576
2.36140
2.36140
2.34609
2.32273
2.30098
2.28809
2.28809
2.30259
2.32354
2.34045
2.34690
2.33723
2.32515
2.30500
2.29775
2.29695
2.30500
2.33320
2.35576
2.36704
2.36060
2.34368
2.31790
2.29292
2.27922
2.28003
2.29534
2.31790
2.33562
2.35012
2.35979
2.33804
2.32354
2.30420
2.29695
2.29534
2.31790
2.34368
2.35979
2.36301
2.34932
2.32676
2.30098
2.28003
2.27520
2.28245
2.30098
2.32917
2.35898
2.36301
2.35334
2.33240
2.31548
2.28889
2.28809
2.30259
2.32434
2.34368
2.35254
2.34448
2.32434
2.29614
2.28245
2.28406
2.29292
2.32515
2.34851
2.36785
2.36543
2.34690
2.33079
2.31226
2.29695
2.29050
2.29775
2.31548
2.33320
2.34287
2.33723
2.32112
2.30823
2.29937
2.29937
2.31064
2.32515
2.34690
2.35415
2.35415
2.34448
2.33159
2.31548
2.29856
2.29292
2.29695
2.31145
2.32434
2.33481
2.33562
2.32595
2.31790
2.31226
2.31145
2.31064
2.32273
2.33320
2.34690
2.33643
2.32515
2.31064
2.30017
2.28245
2.29453
2.30984
2.32837
2.34287
2.35093
2.34690
2.33481
2.32112
2.30742
2.30420
2.30903
2.31467
2.32998
2.32998
2.32273
2.31145
2.31064
2.31145
2.31467
2.32112
2.33401
2.34207
2.34690
2.34609
2.33562
2.32837
2.30984
2.30742
2.30259
