
tusb connection established
c-a x exits minicom
rcs-rx04-01 loop 256 ADC(0) GPIO26 sample capture
Baseline Samples
2.41860
2.39524
2.39282
2.38396
2.36704
2.35657
2.35093
2.37026
2.36382
2.35898
2.35173
2.35415
2.34207
2.32917
2.33079
2.34690
2.35254
2.34690
2.34045
2.33159
2.32837
2.32112
2.32192
2.32756
2.32273
2.31145
2.32515
2.33723
2.32998
2.32917
2.32354
2.31548
2.30903
2.32515
2.33643
2.33320
2.32676
2.32515
2.31467
2.30662
2.32192
2.33562
2.33320
2.34126
2.32354
2.31145
2.31467
2.32192
2.33079
2.33643
2.33401
2.32917
2.32354
2.31790
2.31548
2.31548
2.33804
2.33723
2.32837
2.32192
2.31548
2.31145
2.31790
2.33562
2.34045
2.33240
2.32998
2.32676
2.31790
2.31548
2.32031
2.33401
2.33562
2.33320
2.32998
2.32434
2.31709
2.30903
2.32676
2.33965
2.33159
2.33320
2.32515
2.31628
2.31467
2.32112
2.33643
2.34045
2.33481
2.33643
2.32192
2.31790
2.30339
2.32192
2.33562
2.33562
2.32837
2.32434
2.32112
2.31870
2.31790
2.33401
2.33723
2.33401
2.32756
2.31870
2.31467
2.31467
2.33723
2.34287
2.33562
2.33159
2.32756
2.32273
2.31467
2.31548
2.32998
2.33804
2.33643
2.32756
2.32031
2.31628
2.31790
2.33562
2.33481
2.33401
2.32515
2.32273
max: 2.41860	min: 2.30339	range: 0.11521	avg: 2.32515
previous capture range: 0.00000
Triggered capture
2.32998
2.32031
2.32192
2.32031
2.32031
2.31790
2.31709
2.31467
2.31145
2.31467
2.32434
2.33159
2.33643
2.33401
2.33643
2.33240
2.33723
2.32756
2.32273
2.32031
2.31870
2.31790
2.31790
2.31548
2.31226
2.31628
2.32515
2.33079
2.33643
2.34126
2.34045
2.33723
2.33401
2.33643
2.32917
2.32434
2.32031
2.31709
2.31709
2.31709
2.31709
2.31387
2.31790
2.32354
2.31870
2.33159
2.33481
2.33965
2.33804
2.33643
2.34207
2.34126
2.33401
2.32031
2.31064
2.30500
2.30581
2.31467
2.32515
2.33159
2.33804
2.33965
2.34045
2.32192
2.31790
2.31628
2.32998
2.34045
2.35818
2.36301
2.35576
2.33320
2.30259
2.27842
2.27922
2.29695
2.33643
2.37188
2.40410
2.37993
2.35334
2.30581
2.27036
2.25989
2.28889
2.33804
2.38960
2.41538
2.40571
2.36060
2.29373
2.23330
2.20349
2.22363
2.29534
2.38235
2.44600
2.45647
2.41135
2.34045
2.25264
2.19221
2.18979
2.25264
2.34851
2.44036
2.48145
2.45325
2.36704
2.25586
2.16321
2.15515
2.19463
2.31790
2.44438
2.52656
2.52817
2.45808
2.33320
2.20107
2.11084
2.11487
2.21638
2.36624
2.49998
2.55234
2.50481
2.38799
2.19221
2.07700
2.10439
2.23652
2.41055
2.55476
2.60713
2.54993
2.40652
2.22202
2.07217
2.03108
2.10439
2.28164
2.46614
2.58618
2.61921
2.52656
2.37268
2.18254
2.05364
2.03511
2.15676
2.36382
2.55476
2.64661
2.61277
2.46936
2.26633
2.07781
1.99160
2.04558
2.22363
2.44841
2.61116
2.66030
2.57249
2.40007
2.20107
2.04719
2.01416
2.12212
2.32917
2.53542
2.64499
2.63855
2.52415
2.33079
2.13501
1.99724
2.00449
2.13904
2.37590
2.57410
2.65950
2.63613
2.49675
2.29856
2.10520
2.01497
2.05847
2.22686
2.44438
2.60471
2.64016
2.55476
2.38074
2.18738
2.04558
2.02141
2.13420
2.33723
2.54106
2.63855
2.61519
2.48870
2.30500
2.13179
2.05122
2.08586
2.24700
2.42747
2.56765
2.60149
2.53301
2.39041
2.21799
2.09150
2.06653
2.15676
2.31387
2.47983
2.58618
2.58618
2.49111
2.32998
2.17288
2.08184
2.10117
2.22363
2.38718
2.50884
2.56201
2.52012
2.41216
2.27036
2.15273
2.12051
2.18577
2.31790
2.45566
2.54026
2.53301
2.44761
2.31387
2.18818
2.12051
2.14629
2.23250
2.38960
2.49434
2.53381
2.47983
2.36865
2.25103
2.17126
2.16562
2.23088
max: 2.66030	min: 1.99160	range: 0.66870	avg: 2.21960
Baseline Samples
2.33965
2.32998
2.32273
2.32031
2.33079
2.34287
2.34126
2.33159
2.32515
2.32031
2.32998
2.34287
2.34851
2.34126
2.33723
2.32917
2.32192
2.32112
2.32273
2.33723
2.34448
2.33320
2.33159
2.32756
2.31870
2.32031
2.33965
2.34448
2.33804
2.33320
2.32998
2.32756
2.32031
2.32112
2.33804
2.34609
2.34045
2.33481
2.32515
2.32998
2.32998
2.31870
2.33159
2.33562
2.33562
2.33643
2.33240
2.32515
2.31790
2.32434
2.34207
2.34771
2.33643
2.33723
2.33320
2.32434
2.31790
2.32031
2.33965
2.34771
2.34207
2.33562
2.33401
2.32434
2.31790
2.32031
2.33965
2.34851
2.34207
2.33562
2.33401
2.32515
2.31790
2.31870
2.33804
2.33723
2.33723
2.32998
2.32434
2.32434
2.31709
2.33562
2.34207
2.33723
2.32998
2.32676
2.31870
2.31870
2.34207
2.33804
2.33320
2.33401
2.32917
2.32112
2.32031
2.33240
2.34287
2.34448
2.33159
2.32676
2.32515
2.31628
2.32756
2.34045
2.34368
2.33965
2.33562
2.32756
2.32515
2.32112
2.32515
2.33723
2.33643
2.32998
2.32515
2.31870
2.31790
2.34045
2.33965
2.33481
2.32998
2.33643
2.33723
2.33240
2.32192
2.32434
2.31628
2.32837
max: 2.34851	min: 2.31628	range: 0.03223	avg: 2.32434
previous capture range: 0.66870
Triggered capture
2.32756
2.32112
2.32031
2.32192
2.32031
2.31709
2.31467
2.30903
2.30742
2.30420
2.31467
2.32515
2.33079
2.32917
2.32998
2.32998
2.32273
2.32354
2.32112
2.31628
2.32192
2.30903
2.30742
2.30823
2.30662
2.31709
2.32676
2.33159
2.33723
2.33643
2.33320
2.32998
2.32676
2.32756
2.33079
2.31790
2.32031
2.31387
2.30903
2.30823
2.30984
2.30903
2.31226
2.31870
2.32756
2.32515
2.32273
2.32676
2.32515
2.32354
2.32192
2.31548
2.31709
2.30823
2.31306
2.30662
2.30420
2.31628
2.32434
2.32837
2.32917
2.33401
2.33240
2.33079
2.32998
2.32837
2.32515
2.32192
2.31790
2.31548
2.31548
2.30984
2.30823
2.30500
2.30903
2.32354
2.32273
2.32273
2.31628
2.32837
2.32837
2.32676
2.32434
2.32112
2.31709
2.31306
2.30823
2.30500
2.30098
2.30742
2.31628
2.32998
2.33481
2.34045
2.32998
2.32756
2.32192
2.31951
2.32031
2.32434
2.30903
2.29292
2.28809
2.30178
2.31387
2.34126
2.35415
2.35334
2.34932
2.33079
2.30823
2.28889
2.28245
2.29050
2.31387
2.33643
2.35254
2.35012
2.33401
2.31145
2.28164
2.27117
2.27761
2.31226
2.35496
2.38557
2.39443
2.36865
2.31790
2.26392
2.23008
2.22847
2.26553
2.32192
2.38315
2.42102
2.41216
2.36946
2.30742
2.25022
2.21799
2.22847
2.28809
2.35737
2.42102
2.44519
2.42424
2.35979
2.26714
2.18899
2.15676
2.19060
2.28245
2.39202
2.46855
2.48870
2.45164
2.36060
2.25828
2.17932
2.14709
2.20269
2.30098
2.41377
2.49192
2.50239
2.44036
2.32112
2.19866
2.10842
2.10439
2.19221
2.32998
2.46694
2.54268
2.52737
2.43311
2.29292
2.15918
2.08264
2.11567
2.23169
2.38638
2.51125
2.54832
2.49756
2.37510
2.23088
2.10923
2.07781
2.14709
2.29534
2.46050
2.56604
2.57571
2.49675
2.34609
2.19060
2.06653
2.06169
2.14790
2.31790
2.47822
2.57249
2.56765
2.46936
2.30984
2.15918
2.06250
2.07297
2.19785
2.37993
2.53623
2.59504
2.54429
2.40571
2.23088
2.08264
2.04155
2.09634
2.26069
2.44680
2.57812
2.60229
2.52576
2.38396
2.21396
2.08909
2.06169
2.13420
2.29775
2.46211
2.56685
2.56926
2.45808
2.31226
2.15435
2.07217
2.09473
2.22927
2.41458
2.54912
2.59102
2.52898
2.39443
2.23169
2.10923
2.07539
2.14468
2.29211
2.44680
2.54348
2.54187
2.45728
2.32434
2.17529
max: 2.60229	min: 2.04155	range: 0.56074	avg: 2.28647
Baseline Samples
2.32676
2.31790
2.32837
2.34207
2.35012
2.34207
2.34207
2.32273
2.32354
2.32273
2.32112
2.33804
2.34690
2.33723
2.32756
2.32676
2.30500
2.33320
2.34045
2.34287
2.33079
2.32676
2.32434
2.31548
2.33401
2.33401
2.33562
2.34287
2.32676
2.31870
2.31709
2.33159
2.33965
2.34771
2.32515
2.32837
2.33159
2.30984
2.32837
2.34368
2.33804
2.33481
2.33643
2.31628
2.31870
2.32917
2.33320
2.34126
2.34045
2.33401
2.32595
2.32756
2.30903
2.32998
2.35012
2.34287
2.33723
2.33401
2.32756
2.32031
2.32112
2.32837
2.33401
2.34448
2.33562
2.32515
2.32354
2.32192
2.32595
2.34368
2.34045
2.33401
2.33401
2.32917
2.31870
2.31709
2.33643
2.34771
2.34690
2.33643
2.32837
2.32273
2.32354
2.31790
2.33481
2.34448
2.34368
2.34045
2.33320
2.32192
2.31548
2.32031
2.33562
2.33643
2.33643
2.33240
2.33320
2.32998
2.31628
2.31709
2.33320
2.34287
2.34045
2.33320
2.32273
2.31467
2.32112
2.32917
2.33320
2.33723
2.32917
2.32273
2.33804
2.33562
2.33240
2.32515
2.31790
2.32434
2.33643
2.35334
2.33643
2.33562
2.32917
2.32273
2.31790
2.32434
2.33723
2.32515
max: 2.35334	min: 2.30500	range: 0.04834	avg: 2.32756
previous capture range: 0.56074
Triggered capture
2.33643
2.34932
2.35737
2.33804
2.32676
2.30984
2.31145
2.31387
2.33320
2.35334
2.36382
2.35979
2.33965
2.31064
2.28486
2.27278
2.28083
2.30420
2.34287
2.37188
2.38315
2.36946
2.33804
2.30903
2.28809
2.28809
2.30984
2.34287
2.37107
2.38074
2.36624
2.33079
2.28970
2.25908
2.24458
2.27922
2.32756
2.37993
2.40007
2.38477
2.36301
2.31790
2.27600
2.25505
2.26633
2.30420
2.35093
2.38396
2.38799
2.35979
2.31870
2.27761
2.26230
2.26311
2.30742
2.35496
2.40007
2.41135
2.39766
2.35254
2.29614
2.25264
2.23894
2.26311
2.31226
2.36382
2.39685
2.39604
2.36301
2.31467
2.26633
2.24377
2.25505
2.31306
2.36140
2.39927
2.40491
2.37510
2.32112
2.26553
2.22686
2.23330
2.28325
2.34771
2.39121
2.42424
2.40168
2.35576
2.29453
2.24539
2.24055
2.26875
2.32192
2.36946
2.39524
2.38396
2.34932
2.30742
2.26956
2.25586
2.27842
2.32031
2.37671
2.40571
2.41216
2.37993
2.32917
2.27117
2.24539
2.25103
2.28647
2.33562
2.37510
2.38799
2.37671
2.34448
2.30339
2.27600
2.27358
2.30178
2.33884
2.37913
2.39604
2.39282
2.34851
2.30178
2.26472
2.25344
2.27036
2.39121
2.36382
2.31064
2.29373
2.27681
2.28889
2.31226
2.34448
2.37429
2.37832
2.35898
2.32354
2.28970
2.26714
2.26553
2.29131
2.33481
2.36946
2.38154
2.37349
2.35254
2.31709
2.29131
2.28003
2.28809
2.31790
2.33804
2.35334
2.35254
2.33643
2.31709
2.30178
2.29614
2.29937
2.31709
2.34368
2.36221
2.37188
2.36140
2.32998
2.30500
2.28567
2.28647
2.29131
2.31628
2.33804
2.35576
2.36060
2.34690
2.32917
2.31226
2.30662
2.31467
2.33159
2.34932
2.37026
2.35415
2.34045
2.31548
2.29534
2.28245
2.29050
2.29775
2.32515
2.34448
2.35818
2.35254
2.33965
2.32434
2.31226
2.31064
2.31387
2.33240
2.34126
2.35093
2.34529
2.32998
2.31628
2.30098
2.28889
2.28567
2.30178
2.32998
2.35173
2.35898
2.35737
2.34126
2.32354
2.31145
2.31145
2.31870
2.32998
2.34045
2.34045
2.33965
2.31709
2.30339
2.29292
2.29211
2.30500
2.32354
2.34045
2.35012
2.35496
2.34771
2.33643
2.32192
2.31548
2.31064
2.32031
2.32434
2.32917
2.33643
2.33240
2.32031
2.30500
2.29534
2.29937
2.31387
2.32837
2.34448
2.35254
2.34932
2.33562
2.33320
2.32031
2.31870
max: 2.42424	min: 2.22686	range: 0.19739	avg: 2.32354
Baseline Samples
2.33481
2.33401
2.32756
2.32031
2.32192
2.33804
2.34045
2.34126
2.33159
2.32273
2.32112
2.32354
2.33965
2.34932
2.34287
2.33643
2.33240
2.32917
2.31870
2.31709
2.33643
2.34771
2.34448
2.33884
2.33079
2.31951
2.32031
2.32112
2.33643
2.34368
2.34126
2.33723
2.33079
2.32031
2.32112
2.31790
2.33320
2.34368
2.34368
2.33643
2.32917
2.32434
2.32354
2.31709
2.32998
2.34287
2.33965
2.33159
2.32676
2.32273
2.31870
2.33079
2.33804
2.34045
2.33481
2.32756
2.32273
2.32273
2.32756
2.33401
2.34045
2.33240
2.32354
2.32031
2.32031
2.33643
2.33723
2.33562
2.33723
2.32434
2.31870
2.32031
2.33723
2.34529
2.34690
2.33965
2.33159
2.32515
2.32515
2.31790
2.33320
2.34448
2.34609
2.33965
2.33159
2.32676
2.32434
2.32031
2.32998
2.33643
2.33965
2.33320
2.32837
2.32112
2.31548
2.33723
2.33723
2.33562
2.33401
2.32998
2.32192
2.31790
2.33320
2.34529
2.33723
2.32998
2.32676
2.31790
2.32112
2.33804
2.33562
2.33965
2.33401
2.32434
2.31790
2.32434
2.33079
2.33643
2.33804
2.33079
2.33159
2.32192
2.31709
2.33481
2.34690
2.34045
2.33643
2.32998
max: 2.34932	min: 2.31548	range: 0.03384	avg: 2.33320
previous capture range: 0.19739
Triggered capture
2.32595
2.32434
2.34287
2.33320
2.33804
2.33240
2.32676
2.32273
2.32031
2.31870
2.31790
2.31628
2.31548
2.31226
2.32031
2.30178
2.32273
2.31628
2.33240
2.34045
2.33159
2.33159
2.33079
2.32998
2.32917
2.32515
2.32192
2.31709
2.31467
2.31145
2.30903
2.30984
2.31226
2.31870
2.31628
2.33643
2.33401
2.34207
2.33481
2.32917
2.32676
2.32354
2.32273
2.32112
2.31951
2.31790
2.31467
2.31064
2.30823
2.31145
2.30500
2.32112
2.33159
2.32676
2.33723
2.33481
2.33401
2.33079
2.32676
2.32192
2.31870
2.31628
2.31467
2.31387
2.31145
2.30420
2.31145
2.30098
2.32354
2.33079
2.33079
2.33320
2.33320
2.33320
2.33159
2.32917
2.32676
2.32273
2.31951
2.31548
2.31226
2.31145
2.31387
2.30581
2.30178
2.32354
2.32354
2.33562
2.33965
2.33481
2.33159
2.32756
2.32676
2.32434
2.32273
2.32112
2.31870
2.31548
2.31226
2.31628
2.29534
2.30823
2.32192
2.31870
2.32998
2.33643
2.33804
2.33643
2.33159
2.32756
2.32354
2.32031
2.31790
2.31628
2.31467
2.31064
2.31548
2.28245
2.31226
2.31790
2.32756
2.32756
2.33320
2.33562
2.33481
2.33401
2.33079
2.32756
2.32354
2.32031
2.31709
2.31467
2.31064
2.31628
2.29775
2.30984
2.31226
2.31790
2.32434
2.32837
2.33804
2.33643
2.33240
2.32837
2.32434
2.32273
2.32192
2.32112
2.31790
2.31467
2.31790
2.30500
2.30259
2.31145
2.30903
2.32676
2.33159
2.33481
2.32917
2.32595
2.32112
2.31790
2.31628
2.31467
2.31709
2.29856
2.31145
2.31145
2.32031
2.32434
2.32837
2.33965
2.33804
2.33401
2.32998
2.32515
2.32354
2.32192
2.32112
2.31790
2.31548
2.31870
2.30581
2.30259
2.31145
2.30823
2.32676
2.32515
2.32676
2.32676
2.33079
2.33079
2.32917
2.32434
2.32112
2.31790
2.31628
2.31548
2.31306
2.31548
2.29775
2.31064
2.31548
2.32112
2.32676
2.33481
2.34126
2.33723
2.33320
2.32837
2.32515
2.32434
2.32354
2.32192
2.31870
2.31628
2.31870
2.30823
2.30581
2.31548
2.31226
2.32998
2.33320
2.33401
2.33562
2.33401
2.33159
2.33159
2.32917
2.32756
2.32354
2.31951
2.31709
2.32112
2.31064
2.30500
2.31226
2.30823
2.32273
2.32917
2.33079
2.33643
2.33481
2.33320
2.33401
2.33079
2.32837
2.32515
2.32112
2.31870
2.32192
2.31226
2.30581
2.31467
2.30500
2.31870
max: 2.34287	min: 2.28245	range: 0.06042	avg: 2.31306
Baseline Samples
2.32756
2.33401
2.34045
2.33401
2.32917
2.32595
2.31467
2.32676
2.33159
2.33723
2.33562
2.32031
2.31870
2.32434
2.33079
2.33159
2.33643
2.32192
2.32273
2.32434
2.31548
2.32998
2.33643
2.33481
2.33320
2.33320
2.33481
2.33079
2.32434
2.32595
2.31709
2.31790
2.33562
2.34529
2.34609
2.33723
2.32273
2.32354
2.31628
2.31548
2.33643
2.34609
2.33884
2.32515
2.32917
2.32917
2.31226
2.31790
2.33804
2.34448
2.33723
2.33643
2.32354
2.32031
2.31387
2.32112
2.33481
2.33401
2.33159
2.32837
2.32434
2.31790
2.31790
2.33401
2.34368
2.34207
2.33562
2.32756
2.32112
2.31870
2.32112
2.33320
2.34448
2.33723
2.33320
2.32998
2.32434
2.31628
2.32354
2.33965
2.33965
2.34126
2.33481
2.32515
2.32192
2.31790
2.31709
2.32998
2.34771
2.34126
2.33240
2.33079
2.32354
2.31467
2.31387
2.33481
2.33401
2.34126
2.34207
2.32756
2.32112
2.31870
2.31709
2.33320
2.34045
2.32756
2.32837
2.32676
2.32112
2.31467
2.32917
2.34529
2.34207
2.33723
2.32917
2.32112
2.31387
2.31790
2.33481
2.34126
2.34045
2.33562
2.33159
2.32434
2.31548
2.31064
2.33562
2.34529
max: 2.34771	min: 2.31064	range: 0.03706	avg: 2.33562
previous capture range: 0.06042
Triggered capture
2.28003
2.28889
2.32354
2.35496
2.37188
2.36785
2.34851
2.32192
2.30178
2.29534
2.30581
2.32676
2.34690
2.35737
2.35334
2.32837
2.30742
2.28486
2.27278
2.28809
2.32031
2.35254
2.36865
2.36704
2.35012
2.32595
2.30420
2.29211
2.29453
2.30823
2.32676
2.33965
2.34448
2.33079
2.32192
2.31387
2.30098
2.31467
2.32837
2.34207
2.35334
2.35576
2.34851
2.33401
2.31548
2.30178
2.29695
2.30178
2.31387
2.32756
2.33401
2.34448
2.33562
2.32998
2.31951
2.32515
2.31870
2.32756
2.33723
2.34448
2.34368
2.33481
2.32112
2.30742
2.29856
2.29937
2.30662
2.31790
2.32676
2.34690
2.34126
2.34126
2.32917
2.31790
2.31790
2.32756
2.33723
2.34126
2.33965
2.33079
2.31709
2.30581
2.29937
2.29856
2.30581
2.32112
2.33723
2.34609
2.33884
2.33481
2.32515
2.31467
2.32434
2.32917
2.33401
2.33481
2.33320
2.32676
2.31870
2.31064
2.30500
2.30339
2.30581
2.31870
2.33320
2.34126
2.35737
2.33320
2.32998
2.31951
2.32112
2.31387
2.32112
2.32434
2.32756
2.32434
2.31628
2.30984
2.30984
2.31870
2.32756
2.33723
2.34448
2.33965
2.34207
2.32998
2.32837
2.31951
2.31145
2.31628
2.32112
2.32354
2.32192
2.31790
2.31387
2.31387
2.32595
2.31790
2.33320
2.33965
2.34045
2.34045
2.33481
2.33401
2.32354
2.32273
2.31628
2.30984
2.31387
2.31790
2.32031
2.31628
2.31709
2.32354
2.32756
2.32998
2.33723
2.33723
2.33804
2.33643
2.33481
2.32837
2.32998
2.32112
2.32112
2.31548
2.31226
2.30903
2.31548
2.31709
2.31790
2.32756
2.32998
2.33079
2.33804
2.33804
2.33723
2.33481
2.32192
2.32112
2.31548
2.31145
2.30903
2.31870
2.32998
2.33481
2.33562
2.33965
2.33723
2.33643
2.33643
2.33562
2.33320
2.32837
2.32434
2.32273
2.32112
2.31548
2.31709
2.31467
2.32515
2.32837
2.32273
2.32998
2.33401
2.33159
2.32998
2.32756
2.32434
2.32354
2.32273
2.31951
2.31628
2.30823
2.31145
2.32031
2.32676
2.33481
2.33804
2.34529
2.33159
2.32917
2.32756
2.32354
2.32112
2.31870
2.31709
2.31628
2.31628
2.31467
2.32031
2.32837
2.33079
2.33481
2.33723
2.33723
2.33965
2.33562
2.34207
2.32917
2.32354
2.31709
2.31548
2.31387
2.31387
2.31467
2.31145
2.31628
2.32515
2.33079
2.33401
2.33723
2.33401
2.33240
2.33159
2.33401
max: 2.37188	min: 2.27278	range: 0.09910	avg: 2.33240
Baseline Samples
2.31387
2.33562
2.34529
2.33804
2.33481
2.33481
2.31548
2.32031
2.33804
2.34368
2.33723
2.33481
2.33320
2.32837
2.32031
2.32676
2.33723
2.34690
2.34771
2.33965
2.33079
2.32756
2.32756
2.31548
2.33401
2.34287
2.34287
2.33481
2.32756
2.32273
2.32192
2.34609
2.34609
2.34287
2.34368
2.33723
2.32917
2.32515
2.32354
2.33159
2.33320
2.34932
2.34851
2.33965
2.32917
2.32515
2.32434
2.32917
2.34448
2.35415
2.33804
2.33723
2.33481
2.32515
2.32112
2.32837
2.34690
2.34207
2.34207
2.33562
2.33481
2.32756
2.32112
2.32917
2.34448
2.33643
2.34368
2.34609
2.33965
2.33884
2.32998
2.32192
2.31628
2.33562
2.33562
2.34609
2.33965
2.33965
2.33159
2.32354
2.31628
2.32434
2.33159
2.34609
2.34368
2.32917
2.32917
2.32515
2.32273
2.33965
2.35496
2.34448
2.33643
2.33159
2.32676
2.32354
2.32434
2.34126
2.34690
2.33643
2.34368
2.34207
2.32434
2.32192
2.32595
2.34287
2.34368
2.34690
2.33159
2.32676
2.32192
2.32192
2.34287
2.35254
2.34529
2.33965
2.32917
2.33562
2.32917
2.31790
2.33965
2.35254
2.34609
2.34045
2.34126
2.32192
2.32273
2.32112
max: 2.35496	min: 2.31387	range: 0.04109	avg: 2.32354
previous capture range: 0.09910
Triggered capture
2.30903
2.31387
2.32354
2.32917
2.33079
2.33079
2.33159
2.32998
2.32434
2.32192
2.32273
2.31387
2.31951
2.31628
2.31387
2.30903
2.31467
2.32515
2.33159
2.33804
2.33965
2.33723
2.33562
2.33159
2.32837
2.33481
2.31790
2.32273
2.31548
2.32192
2.31145
2.30742
2.31064
2.31709
2.32434
2.32515
2.33320
2.32917
2.32676
2.32354
2.32192
2.32031
2.33320
2.31145
2.31548
2.30339
2.31387
2.31145
2.32112
2.33320
2.33965
2.33965
2.33562
2.32917
2.32112
2.31467
2.31064
2.31145
2.31064
2.31870
2.30903
2.32192
2.32273
2.32756
2.31870
2.32676
2.33079
2.33562
2.34126
2.34207
2.33965
2.33079
2.31870
2.30903
2.30178
2.29211
2.30903
2.30903
2.32515
2.33562
2.33723
2.33240
2.33079
2.32354
2.31870
2.32192
2.32998
2.33965
2.34368
2.34045
2.32837
2.31145
2.29614
2.29050
2.28970
2.30420
2.32756
2.34529
2.35979
2.35657
2.34045
2.31628
2.30259
2.30098
2.31064
2.32837
2.34448
2.35173
2.34368
2.32434
2.29856
2.29211
2.27117
2.29373
2.32031
2.35576
2.36140
2.36140
2.34609
2.32273
2.30098
2.28809
2.28809
2.30259
2.32354
2.34045
2.34690
2.33723
2.32515
2.30500
2.29775
2.29695
2.30500
2.33320
2.35576
2.36704
2.36060
2.34368
2.31790
2.29292
2.27922
2.28003
2.29534
2.31790
2.33562
2.35012
2.35979
2.33804
2.32354
2.30420
2.29695
2.29534
2.31790
2.34368
2.35979
2.36301
2.34932
2.32676
2.30098
2.28003
2.27520
2.28245
2.30098
2.32917
2.35898
2.36301
2.35334
2.33240
2.31548
2.28889
2.28809
2.30259
2.32434
2.34368
2.35254
2.34448
2.32434
2.29614
2.28245
2.28406
2.29292
2.32515
2.34851
2.36785
2.36543
2.34690
2.33079
2.31226
2.29695
2.29050
2.29775
2.31548
2.33320
2.34287
2.33723
2.32112
2.30823
2.29937
2.29937
2.31064
2.32515
2.34690
2.35415
2.35415
2.34448
2.33159
2.31548
2.29856
2.29292
2.29695
2.31145
2.32434
2.33481
2.33562
2.32595
2.31790
2.31226
2.31145
2.31064
2.32273
2.33320
2.34690
2.33643
2.32515
2.31064
2.30017
2.28245
2.29453
2.30984
2.32837
2.34287
2.35093
2.34690
2.33481
2.32112
2.30742
2.30420
2.30903
2.31467
2.32998
2.32998
2.32273
2.31145
2.31064
2.31145
2.31467
2.32112
2.33401
2.34207
2.34690
2.34609
2.33562
2.32837
2.30984
2.30742
2.30259
max: 2.36785	min: 2.27117	range: 0.09668	avg: 2.30823
Baseline Samples
2.34045
2.34045
2.33643
2.32837
2.32837
2.30420
2.32595
2.34287
2.33643
2.32917
2.32434
2.32192
2.32031
2.33401
2.34932
2.34126
2.33562
2.33240
2.32434
2.31709
2.32112
2.33965
2.33804
2.34207
2.34368
2.32756
2.32354
2.32192
2.32756
2.33723
2.34609
2.33401
2.32917
2.32192
2.32434
2.31870
2.33320
2.34368
2.34448
2.34126
2.33401
2.32192
2.31870
2.31467
2.33320
2.34368
2.34207
2.33481
2.32998
2.32998
2.31387
2.31467
2.33320
2.33965
2.34126
2.33723
2.32998
2.32031
2.32434
2.31064
2.32917
2.34207
2.33562
2.32837
2.32434
2.31709
2.30420
2.33562
2.34287
2.33723
2.33723
2.33159
2.32273
2.31790
2.31548
2.31790
2.33723
2.35012
2.33320
2.32756
2.32676
2.32031
2.31226
2.33481
2.32595
2.33320
2.33562
2.33079
2.32031
2.31548
2.32273
2.33723
2.34932
2.33965
2.32837
2.32354
2.32112
2.32031
2.32273
2.33562
2.33159
2.33804
2.33562
2.31790
2.31790
2.31628
2.33159
2.34287
2.34207
2.33562
2.31790
2.32756
2.32756
2.31145
2.33079
2.34448
2.34207
2.33401
2.33481
2.31951
2.31709
2.31387
2.33481
2.34368
2.34045
2.33401
2.32998
2.33320
max: 2.35012	min: 2.30420	range: 0.04592	avg: 2.33240
previous capture range: 0.09668
