2.51609
2.49272
2.47581
2.47500
2.46291
2.44116
2.44116
2.44358
2.44761
2.44922
2.43311
2.40410
2.39443
2.39685
2.41055
2.40249
2.39604
2.39202
2.39202
2.38638
2.36543
2.34690
2.36785
2.38879
2.37832
2.35898
2.35496
2.35496
2.34932
2.33804
2.34448
2.34932
2.36060
2.35737
2.34207
2.32998
2.32917
2.32515
2.33804
2.34287
2.33804
2.32676
2.31064
2.31387
2.33804
2.34368
2.33401
2.32595
2.32112
2.32031
2.31628
2.30984
2.31870
2.33401
2.33562
2.32676
2.31387
2.31064
2.30823
2.30984
2.32676
2.32354
2.31548
2.31709
2.31628
2.29534
2.30662
2.32273
2.32354
2.31709
2.31064
2.30259
2.30178
2.32192
2.32273
2.31467
2.31064
2.30984
2.29775
2.31064
2.32112
2.31628
2.31145
2.30903
2.30500
2.30339
2.31870
2.32354
2.31467
2.30742
2.30420
2.30098
2.31548
2.32837
2.31870
2.31145
2.31064
2.30984
2.29775
2.30903
2.31548
2.32031
2.31628
2.31145
2.30339
2.29695
2.31628
2.32515
2.32112
2.31628
2.31387
2.30823
2.30339
2.30500
2.31790
2.32273
2.32112
2.31548
2.30742
2.30420
2.30742
2.31467
2.31064
2.30581
2.29775
2.31387
2.32595
2.32192
2.31467
2.31064
2.30823
2.30339
2.30823
2.32112
2.31709
2.31709
2.31467
2.30823
2.30098
2.30662
2.31709
2.31709
2.31145
2.30903
2.30420
2.30259
2.31709
2.31709
2.31467
2.31387
2.30581
2.29614
2.31064
2.32273
2.32515
2.32031
2.31387
2.30903
2.30581
2.30178
2.30984
2.31628
2.31467
2.31145
2.30662
2.29695
2.31226
2.32192
2.32354
2.31870
2.31387
2.30823
2.30420
2.30420
2.31548
2.32031
2.32031
2.31467
2.30823
2.30420
2.30178
2.31226
2.31709
2.31870
2.30500
2.31870
2.32837
2.32273
2.31709
2.31226
2.30742
2.30259
2.30259
2.31709
2.32515
2.32192
2.31709
2.31145
2.30581
2.30259
2.30420
2.31790
2.31870
2.31870
2.31145
2.30662
2.30420
2.29856
2.31628
2.32112
2.31628
2.31226
2.30903
2.30339
2.29937
2.31628
2.31709
2.32031
2.31467
2.30823
2.30500
2.29856
2.31387
2.32434
2.32031
2.31628
2.31064
2.30581
2.29614
2.31226
2.32354
2.32192
2.31709
2.31145
2.30742
2.31145
2.30903
2.32031
2.32354
2.32031
2.31226
2.30742
2.30178
2.30581
2.32031
2.32273
2.31709
2.31387
2.30984
2.30500
2.30098
2.31709
2.32112
2.31790
2.31467
2.30742
