2.29614
2.31387
2.31790
2.32112
2.31628
2.30823
2.29856
2.31387
2.32676
2.32192
2.31467
2.30742
2.30581
2.32273
2.32192
2.31790
2.31467
2.31064
2.29695
2.31145
2.32434
2.32192
2.32031
2.31387
2.30823
2.30581
2.31387
2.31709
2.31790
2.32031
2.32676
2.32273
2.31548
2.30984
2.30420
2.31064
2.32354
2.33079
2.32515
2.32112
2.31628
2.31064
2.30420
2.30903
2.32354
2.33079
2.32515
2.32031
2.31548
2.31064
2.30581
2.30581
2.32031
2.32676
2.32192
2.31709
2.31064
2.30581
2.30339
2.32031
2.32998
2.32676
2.32112
2.31628
2.31145
2.30662
2.30420
2.31709
2.33079
2.32837
2.32192
2.31709
2.31145
2.30742
2.30420
2.31870
2.32756
2.32756
2.32273
2.31709
2.31064
2.30662
2.30420
2.32031
2.32515
2.32031
2.31628
2.31145
2.30662
2.30420
2.31628
2.32192
2.32031
2.31628
2.31064
2.30581
2.30500
2.31870
2.32273
2.31870
2.31790
2.31548
2.31145
2.30500
2.30903
2.32273
2.33079
2.32595
2.32031
2.31467
2.30984
2.30500
2.30823
2.32192
2.32917
2.32515
2.32031
2.31548
2.30984
2.30500
2.30581
2.32434
2.32515
2.32031
2.31387
2.30984
2.30662
2.30984
2.32273
2.31709
2.32031
2.31548
2.30903
2.29856
2.31387
2.32273
2.32515
2.32112
2.31548
2.31064
2.30662
2.30903
2.30984
2.30259
2.31548
2.32756
2.32595
2.32112
2.31628
2.31064
2.30339
2.30984
2.32434
2.31628
2.32112
2.31548
2.31064
2.30742
2.30984
2.32354
2.32112
2.32031
2.31467
2.30984
2.29534
2.31226
2.32515
2.32031
2.31870
2.31467
2.30903
2.30178
2.31387
2.32676
2.32354
2.32031
2.31467
2.30823
2.30259
2.31709
2.32112
2.32192
2.31467
2.31064
2.30500
2.31145
2.32354
2.32273
2.32112
2.31790
2.31226
2.30581
2.30823
2.32676
2.33401
2.32676
2.31790
2.31467
2.31226
2.30742
2.30903
2.32112
2.31709
2.32354
2.31628
2.30984
2.30500
2.31145
2.32676
2.31790
2.31790
2.31387
2.31145
2.30984
2.31145
2.32192
2.32031
2.32354
2.31870
2.31145
2.30500
2.30581
2.32192
2.32917
2.32192
2.31628
2.31306
2.30984
2.30581
2.31870
2.32676
2.33079
2.32515
2.31628
2.31064
2.30823
2.30581
2.32031
2.32112
2.32192
2.32112
2.31709
2.31145
2.29211
2.31145
2.32756
2.32515
2.32112
2.31467
2.31064
2.30984
2.30903
2.31870
2.32837
2.32917
2.32595
