2.34045
2.35496
2.35496
2.33481
2.30420
2.28083
2.27117
2.28325
2.31709
2.35576
2.37913
2.35898
2.30742
2.25586
2.22202
2.22605
2.26956
2.33723
2.41458
2.44680
2.42666
2.35657
2.26956
2.20591
2.18335
2.21396
2.29937
2.40894
2.48467
2.48225
2.39927
2.26794
2.16724
2.12856
2.15354
2.25183
2.42344
2.55557
2.58618
2.50562
2.33562
2.17932
2.09714
2.08909
2.15999
2.33965
2.54106
2.62969
2.59424
2.43311
2.21396
2.08425
2.05928
2.09070
2.26069
2.53784
2.69736
2.70381
2.56685
2.28809
2.08989
2.03188
2.03672
2.12856
2.42344
2.66755
2.73362
2.68206
2.42747
2.14145
2.03833
2.02383
2.06250
2.30742
2.66353
2.77390
2.76343
2.56685
2.20349
2.03591
1.99885
2.01577
2.14871
2.56523
2.76504
2.79888
2.70703
2.33965
2.06411
1.99885
2.00771
2.06975
2.43149
2.74329
2.79727
2.76584
2.48628
2.10520
1.99160
1.98757
2.02463
2.27197
2.71187
2.82144
2.01899
1.99563
2.01980
2.21477
2.67561
2.78921
2.79243
2.66433
2.22363
2.01577
1.98918
2.00691
2.10601
2.59102
2.80210
2.82385
2.75940
2.37349
2.06169
1.99482
1.99644
2.04558
2.38718
2.73684
2.79888
2.68286
2.26069
2.03833
1.99644
2.00127
2.06975
2.47822
2.76665
2.81096
2.78196
2.50481
2.11648
2.00288
1.98918
2.01497
2.21880
2.65950
2.79727
2.81016
2.68528
2.26472
2.05283
2.00288
2.01013
2.07942
2.45647
2.75215
2.79807
2.75698
2.46694
2.11809
2.00530
1.97468
2.02061
2.24297
2.66755
2.79968
2.79243
2.62888
2.24216
2.04558
2.00127
2.01174
2.10681
2.49272
2.73281
2.77390
2.70864
2.42021
2.10359
2.01416
2.00449
2.03914
2.23975
2.63613
2.78115
2.78518
2.64902
2.27600
2.06169
2.00691
2.01255
2.09070
2.41941
2.69736
2.75779
2.70623
2.44358
2.14307
2.03027
2.01174
2.03994
2.19382
2.55959
2.73281
2.74973
2.63210
2.30581
2.07136
2.01013
2.01094
2.07136
2.32676
2.65305
2.75618
2.73040
2.52979
2.22202
2.05605
2.01497
2.03350
2.16079
2.48789
2.69736
2.73362
2.63130
2.33401
2.10198
2.03108
2.03430
2.10601
2.38235
2.64983
2.72234
2.66111
2.42585
2.15999
2.04719
2.02061
2.06169
2.23008
2.52092
2.70220
2.71428
2.57812
2.30903
2.11084
2.04639
2.04961
2.13098
2.37832
2.61277
2.68286
2.61196
2.38799
2.15435
2.05847
