2.30581
2.30259
2.30178
2.29856
2.29614
2.29614
2.30098
2.30903
2.31467
2.31387
2.30823
2.31387
2.31145
2.30984
2.30823
2.30581
2.30339
2.30178
2.29937
2.29695
2.29695
2.30339
2.31064
2.31709
2.32192
2.32273
2.32031
2.31790
2.31548
2.31226
2.30984
2.30903
2.30581
2.30420
2.30178
2.29937
2.29856
2.29453
2.29856
2.30662
2.31145
2.31548
2.32273
2.32192
2.32031
2.31709
2.31306
2.30984
2.30500
2.30339
2.30339
2.30339
2.30420
2.29937
2.29856
2.29937
2.30339
2.30581
2.30259
2.31064
2.31628
2.32192
2.32273
2.31790
2.30742
2.29453
2.28325
2.27842
2.28164
2.30098
2.32515
2.34368
2.34690
2.32917
2.30500
2.28406
2.27278
2.28003
2.30098
2.32837
2.34690
2.34771
2.32676
2.29050
2.26392
2.25586
2.26875
2.30742
2.35576
2.39121
2.39443
2.36382
2.30984
2.25586
2.22444
2.22605
2.26472
2.32676
2.38477
2.40974
2.38638
2.32998
2.26392
2.21396
2.19866
2.22766
2.30500
2.39524
2.45405
2.45244
2.38396
2.28164
2.19543
2.15596
2.17046
2.24377
2.36865
2.47903
2.51125
2.45808
2.33965
2.22122
2.15354
2.14709
2.20591
2.33481
2.47017
2.53462
2.50400
2.39041
2.24377
2.14307
2.09875
2.12454
2.23008
2.39282
2.53381
2.58135
2.51689
2.36140
2.20027
2.11245
2.09231
2.14387
2.28567
2.46372
2.57249
2.57651
2.47258
2.30581
2.16079
2.09070
2.09312
2.16643
2.34126
2.52979
2.62646
2.60391
2.46130
2.25183
2.11406
2.06653
2.08425
2.19382
2.40088
2.56765
2.62244
2.56604
2.38477
2.19141
2.09150
2.07297
2.12373
2.29292
2.52092
2.64097
2.62969
2.48870
2.26069
2.10842
2.06089
2.06492
2.16401
2.38477
2.58135
2.65386
2.59504
2.40249
2.19946
2.08989
2.06411
2.10359
2.25183
2.48628
2.62566
2.64016
2.53059
2.31790
2.13340
2.06169
2.06169
2.13098
2.33481
2.56362
2.65950
2.61680
2.43794
2.21960
2.09392
2.06169
2.09714
2.23008
2.45889
2.60229
2.62163
2.52415
2.32354
2.15112
2.07378
2.07217
2.13743
2.31790
2.54026
2.63452
2.60471
2.45164
2.24619
2.11165
2.06331
2.08184
2.19302
2.39685
2.57249
2.61680
2.53623
2.34529
2.17690
2.09312
2.08667
2.15596
2.33401
2.52656
2.61116
2.56685
2.40974
2.22686
2.10923
2.07056
2.09392
2.23088
2.43955
2.58215
2.60391
2.50320
2.31709
2.16643
