2.30500
2.27358
2.25264
2.25828
2.29131
2.33723
2.37349
2.38799
2.37268
2.33562
2.29050
2.25586
2.24539
2.26311
2.30500
2.35334
2.38235
2.37913
2.34851
2.30098
2.25747
2.23169
2.24216
2.29292
2.35898
2.41135
2.42102
2.38477
2.31628
2.24861
2.20671
2.20430
2.24377
2.32676
2.41055
2.45002
2.43149
2.36060
2.27922
2.21558
2.19382
2.22122
2.29453
2.38557
2.44841
2.44761
2.38638
2.28889
2.21316
2.18174
2.19946
2.27520
2.38235
2.46936
2.49836
2.44116
2.34045
2.23813
2.17610
2.16885
2.21880
2.32273
2.42988
2.48225
2.45647
2.37188
2.26472
2.18818
2.16079
2.19785
2.29050
2.41135
2.49272
2.49272
2.41377
2.29292
2.19382
2.14468
2.15596
2.23733
2.37268
2.48386
2.52173
2.47017
2.35334
2.23491
2.16643
2.15757
2.21396
2.32837
2.44680
2.50400
2.47178
2.37188
2.24700
2.16160
2.14387
2.18335
2.28809
2.41699
2.50320
2.49836
2.41538
2.29211
2.19785
2.15354
2.17207
2.25022
2.37026
2.47822
2.50803
2.44438
2.32837
2.22122
2.16240
2.16401
2.22686
2.33643
2.44116
2.48145
2.43875
2.34287
2.24539
2.18174
2.17288
2.22524
2.32354
2.43391
2.49192
2.47178
2.38638
2.28083
2.19866
2.16401
2.18496
2.25666
2.35979
2.43875
2.46130
2.41699
2.32917
2.23975
2.18496
2.18496
2.23975
2.33643
2.42505
2.46614
2.43633
2.35254
2.25425
2.18899
2.15918
2.20510
2.29211
2.39443
2.46211
2.46453
2.40813
2.31870
2.23813
2.19543
2.19785
2.24941
2.33079
2.41216
2.44519
2.42102
2.34690
2.25989
2.19302
2.18335
2.21799
2.29050
2.38477
2.45164
2.45405
2.39604
2.31467
2.23975
2.20188
2.20833
2.25989
2.33804
2.40732
2.42988
2.39766
2.21719
2.26230
2.33481
2.40168
2.43472
2.41860
2.35979
2.28647
2.22927
2.20349
2.21960
2.26875
2.33965
2.39282
2.41458
2.39524
2.33643
2.27600
2.23733
2.23088
2.25989
2.31870
2.38154
2.41377
2.40249
2.35334
2.28889
2.23652
2.21477
2.23088
2.27520
2.34045
2.39604
2.40894
2.37913
2.32676
2.27197
2.24297
2.24377
2.28003
2.33079
2.37671
2.39363
2.37188
2.32676
2.27520
2.23894
2.21719
2.25022
2.30178
2.35576
2.39202
2.39282
2.35979
2.31064
2.27036
2.25264
2.26311
2.29453
2.33723
2.36543
2.36946
2.34448
2.30420
2.26633
2.24458
2.25183
2.27842
2.32112
