2.32434
2.32273
2.32031
2.31709
2.31548
2.31226
2.31064
2.30823
2.30581
2.29695
2.30259
2.31145
2.31870
2.32595
2.32515
2.32354
2.32192
2.32031
2.31709
2.31467
2.31306
2.30984
2.30823
2.30662
2.30017
2.30339
2.31387
2.32031
2.31628
2.32434
2.32273
2.32112
2.31870
2.31709
2.31548
2.31226
2.31064
2.30823
2.30500
2.30098
2.30339
2.31226
2.32031
2.31709
2.32434
2.32354
2.32031
2.31870
2.31790
2.31387
2.31387
2.31064
2.30823
2.30662
2.30098
2.30500
2.31145
2.32031
2.32434
2.33079
2.32998
2.32756
2.32434
2.32273
2.32031
2.31548
2.31628
2.31145
2.31145
2.30903
2.30500
2.30098
2.30500
2.31387
2.32192
2.31790
2.32354
2.32273
2.32192
2.32031
2.31628
2.31064
2.31226
2.30823
2.30742
2.30823
2.30339
2.31064
2.31790
2.32273
2.32676
2.32273
2.32112
2.31628
2.31064
2.30420
2.29695
2.29534
2.30259
2.31790
2.33320
2.33240
2.32756
2.32676
2.31628
2.30581
2.30178
2.30339
2.31064
2.32112
2.32676
2.32434
2.31226
2.30500
2.29937
2.29856
2.29937
2.31387
2.33240
2.34448
2.35012
2.33723
2.31548
2.29131
2.27358
2.27117
2.28325
2.31387
2.34932
2.36704
2.36865
2.34932
2.31709
2.28889
2.27520
2.27761
2.30581
2.33965
2.36543
2.37429
2.35576
2.32031
2.27761
2.24539
2.24055
2.26633
2.31306
2.36060
2.39846
2.39927
2.36624
2.31467
2.26714
2.24055
2.23733
2.26956
2.32112
2.36865
2.39363
2.38879
2.35415
2.30259
2.25586
2.23088
2.24136
2.29131
2.35576
2.41055
2.42666
2.39604
2.33401
2.26472
2.21799
2.20188
2.22686
2.29453
2.37188
2.43472
2.44519
2.41296
2.34126
2.26633
2.21960
2.21074
2.24539
2.31226
2.39524
2.44116
2.43311
2.37349
2.28809
2.21074
2.18496
2.20510
2.27520
2.36301
2.44841
2.47097
2.43230
2.34851
2.26311
2.20591
2.19463
2.23008
2.30178
2.38799
2.44358
2.44358
2.38396
2.29534
2.22524
2.18899
2.20188
2.26472
2.35012
2.43552
2.46614
2.43633
2.35657
2.26714
2.20591
2.18335
2.20671
2.27117
2.35496
2.42827
2.45566
2.42263
2.34771
2.26875
2.21235
2.20188
2.24539
2.32112
2.40813
2.45647
2.43955
2.37188
2.28245
2.21396
2.18657
2.19302
2.26875
2.35415
2.43713
2.45808
2.42102
2.34287
2.26392
2.21235
2.21074
2.25264
2.32837
2.40330
2.43955
2.42424
