2.31790
2.31790
2.31548
2.31387
2.31064
2.30742
2.30742
2.30500
2.30500
2.30098
2.29695
2.30178
2.30823
2.31306
2.32031
2.32112
2.32112
2.32031
2.31709
2.31387
2.30823
2.30420
2.29856
2.29775
2.29775
2.29937
2.30903
2.31870
2.32273
2.32112
2.32031
2.31467
2.31145
2.31387
2.31790
2.32192
2.32434
2.32031
2.31064
2.29937
2.28970
2.28486
2.28567
2.30178
2.32192
2.33723
2.34045
2.33643
2.32112
2.30420
2.29534
2.29614
2.30581
2.32192
2.33401
2.33643
2.32515
2.30662
2.28567
2.34690
2.36221
2.35979
2.34045
2.31387
2.28809
2.27358
2.27761
2.29614
2.32434
2.34690
2.35012
2.33481
2.30098
2.27358
2.26311
2.27036
2.29534
2.32837
2.35898
2.37349
2.36301
2.33079
2.29131
2.25989
2.24861
2.26069
2.29373
2.33079
2.36301
2.37429
2.35334
2.31467
2.28003
2.25908
2.26472
2.29373
2.33965
2.37510
2.38557
2.36382
2.31790
2.27036
2.23894
2.23411
2.25828
2.30742
2.36624
2.39685
2.39121
2.35173
2.29856
2.25828
2.24377
2.26230
2.30420
2.35576
2.38879
2.38638
2.34932
2.29534
2.24700
2.22122
2.23491
2.28325
2.34287
2.39121
2.41296
2.38718
2.33240
2.27681
2.24136
2.23733
2.26472
2.31548
2.36543
2.39202
2.37913
2.33401
2.27358
2.24055
2.22927
2.25264
2.29614
2.35979
2.39604
2.40088
2.36865
2.31467
2.26392
2.23250
2.23169
2.26230
2.31467
2.35898
2.38557
2.37993
2.34126
2.29050
2.25586
2.24539
2.26392
2.30662
2.35898
2.39443
2.39524
2.36140
2.30823
2.25828
2.23088
2.23169
2.26311
2.31709
2.36624
2.39443
2.38396
2.33562
2.28889
2.25022
2.23733
2.25828
2.30420
2.35415
2.38557
2.38235
2.34690
2.29131
2.24700
2.23088
2.24780
2.29131
2.34609
2.39363
2.40491
2.38235
2.33643
2.28809
2.25264
2.24055
2.25908
2.29856
2.34609
2.37832
2.37510
2.34609
2.29856
2.26150
2.24539
2.25666
2.29211
2.34207
2.38235
2.39604
2.37913
2.33562
2.28889
2.25425
2.24377
2.25828
2.29614
2.34045
2.36785
2.36382
2.34126
2.30581
2.27197
2.25022
2.26230
2.29131
2.33401
2.36946
2.37993
2.36221
2.32676
2.28486
2.25344
2.24297
2.24619
2.28809
2.33562
2.37349
2.38235
2.36301
2.32756
2.28970
2.26553
2.26553
2.28567
2.32192
2.35496
2.36704
2.35576
2.32595
2.28809
2.25747
2.24700
2.26311
