2.31709
2.31387
2.31870
2.31628
2.31226
2.30984
2.30581
2.30339
2.30339
2.30259
2.30339
2.30178
2.30903
2.30903
2.31467
2.31226
2.31870
2.31870
2.32031
2.32273
2.32354
2.32112
2.31628
2.30742
2.29937
2.29453
2.29373
2.29775
2.30500
2.31790
2.32112
2.31870
2.31709
2.30420
2.29775
2.29534
2.29856
2.30903
2.31790
2.29775
2.29050
2.30178
2.31870
2.33643
2.34368
2.34690
2.33481
2.31064
2.29050
2.27600
2.27520
2.28809
2.30903
2.32837
2.33562
2.33401
2.32112
2.30017
2.28164
2.27842
2.29292
2.31548
2.34529
2.36543
2.35818
2.33643
2.29937
2.26875
2.25264
2.25747
2.28003
2.31548
2.35012
2.37188
2.36060
2.32192
2.28003
2.25989
2.25425
2.27681
2.31709
2.35415
2.37671
2.36543
2.32756
2.27922
2.24055
2.23169
2.25666
2.30339
2.35254
2.38396
2.39282
2.36060
2.31064
2.26069
2.23411
2.24055
2.27117
2.32192
2.36704
2.38074
2.36462
2.32515
2.27922
2.24619
2.24619
2.27117
2.32031
2.37349
2.40088
2.39282
2.34771
2.28970
2.24539
2.22363
2.23813
2.28083
2.33159
2.37913
2.39443
2.36946
2.31387
2.25344
2.23733
2.24136
2.27681
2.32917
2.37913
2.39282
2.37188
2.32515
2.26956
2.22686
2.22122
2.25183
2.30581
2.35737
2.39846
2.39685
2.36060
2.30581
2.25828
2.23330
2.23733
2.26956
2.31790
2.35898
2.37510
2.36301
2.32676
2.28486
2.25505
2.24377
2.26230
2.29937
2.34529
2.37671
2.38154
2.35576
2.31064
2.26633
2.23491
2.23088
2.26472
2.31064
2.36140
2.39121
2.38315
2.34448
2.29775
2.26230
2.24700
2.25828
2.29131
2.33079
2.35979
2.36301
2.33159
2.30017
2.26956
2.25747
2.26553
2.29453
2.33643
2.36785
2.37832
2.36301
2.32917
2.29131
2.26311
2.25344
2.26633
2.29695
2.33079
2.35093
2.34609
2.32595
2.29937
2.27520
2.26069
2.27117
2.29534
2.32917
2.35334
2.36140
2.34771
2.32112
2.28245
2.25908
2.25344
2.26472
2.29453
2.33562
2.35898
2.36060
2.34287
2.31145
2.28406
2.27036
2.27278
2.29534
2.32031
2.34045
2.34448
2.33159
2.30420
2.27520
2.26472
2.27036
2.29211
2.31548
2.33562
2.35576
2.35093
2.32837
2.29937
2.27761
2.26633
2.27520
2.29373
2.31548
2.32998
2.33481
2.33079
2.31226
2.28647
2.28164
2.28325
2.29534
2.31628
2.33240
2.34045
2.33240
2.31387
2.29131
