2.30984
2.32192
2.32837
2.32676
2.32515
2.32515
2.32273
2.32031
2.31548
2.31387
2.31145
2.31145
2.31226
2.30500
2.31145
2.31548
2.32031
2.32031
2.32031
2.32192
2.32273
2.32515
2.32676
2.32434
2.31709
2.30823
2.30098
2.28970
2.29937
2.31226
2.32676
2.34045
2.33401
2.33481
2.32273
2.31064
2.30420
2.30098
2.30823
2.31951
2.32917
2.33159
2.32031
2.31226
2.30339
2.29695
2.29856
2.31226
2.32917
2.34609
2.35576
2.34932
2.33079
2.30903
2.28567
2.27681
2.28164
2.29050
2.32676
2.35254
2.36785
2.35576
2.32434
2.29775
2.28003
2.27922
2.29775
2.32917
2.35818
2.36704
2.35657
2.32515
2.28003
2.25908
2.25828
2.28083
2.32515
2.36543
2.38879
2.38718
2.35576
2.30984
2.27036
2.25022
2.25666
2.29050
2.33401
2.36462
2.38638
2.36785
2.33240
2.28647
2.25505
2.25264
2.28245
2.32998
2.37832
2.40249
2.38879
2.34368
2.28728
2.24297
2.22363
2.24700
2.29856
2.36865
2.40168
2.41699
2.37913
2.32031
2.26553
2.23572
2.24055
2.27922
2.33723
2.38799
2.40491
2.37590
2.32676
2.27358
2.24297
2.23975
2.26794
2.32676
2.38477
2.41699
2.40571
2.35576
2.29131
2.24055
2.21960
2.23008
2.28003
2.35496
2.40894
2.41216
2.39202
2.33401
2.27922
2.23975
2.23330
2.26069
2.30823
2.36624
2.40088
2.39846
2.35818
2.29856
2.25183
2.23411
2.24941
2.29614
2.35737
2.40571
2.42021
2.39685
2.34448
2.28406
2.24700
2.23813
2.25828
2.30339
2.35334
2.38718
2.38477
2.35415
2.31145
2.26956
2.24297
2.25666
2.28809
2.33965
2.38235
2.39846
2.37993
2.32917
2.28083
2.24539
2.22927
2.25908
2.30742
2.36301
2.39766
2.40168
2.36946
2.32112
2.27922
2.25908
2.26472
2.29453
2.33320
2.37026
2.38154
2.36301
2.32756
2.28245
2.24861
2.24700
2.27358
2.32112
2.35576
2.38638
2.38074
2.35093
2.30903
2.27600
2.26150
2.26875
2.29614
2.33401
2.35657
2.35334
2.34529
2.31709
2.29131
2.27681
2.27600
2.29614
2.32354
2.36140
2.37510
2.36543
2.33723
2.30339
2.27600
2.26392
2.27197
2.29453
2.32273
2.35254
2.36301
2.34851
2.33079
2.30178
2.28003
2.27681
2.29131
2.31628
2.34045
2.35254
2.34529
2.32273
2.30178
2.28809
2.28486
2.29373
2.31145
2.33643
2.35496
2.35415
2.34045
2.31467
2.28970
2.27358
2.27117
2.29050
