2.33401
2.32676
2.31790
2.30984
2.30500
2.30500
2.30984
2.31548
2.32031
2.32192
2.30903
2.29937
2.29453
2.29453
2.30420
2.31387
2.33320
2.34368
2.34690
2.33965
2.32354
2.30500
2.29131
2.28567
2.29131
2.30742
2.32434
2.33481
2.32595
2.31790
2.30903
2.28970
2.27842
2.29050
2.30903
2.33481
2.35415
2.35737
2.34126
2.31226
2.28164
2.26069
2.25908
2.27278
2.31145
2.35012
2.37268
2.37188
2.34609
2.30823
2.27600
2.26311
2.27681
2.30823
2.34690
2.37349
2.37510
2.34771
2.30420
2.26150
2.23250
2.23813
2.28164
2.33320
2.37993
2.40007
2.37913
2.33481
2.28245
2.24539
2.23733
2.25908
2.30420
2.35415
2.38315
2.38154
2.35334
2.30420
2.25586
2.22927
2.25344
2.29373
2.35415
2.39604
2.40491
2.37188
2.31145
2.25505
2.22122
2.22041
2.26230
2.33079
2.39363
2.42021
2.40732
2.35334
2.28970
2.24458
2.23250
2.25264
2.30823
2.36785
2.40491
2.40007
2.35496
2.29131
2.23411
2.21477
2.23652
2.29050
2.35254
2.39846
2.41780
2.38557
2.32434
2.26633
2.23008
2.22605
2.26150
2.31548
2.37026
2.39363
2.38315
2.34287
2.28970
2.24780
2.24297
2.26553
2.31628
2.37188
2.40571
2.40249
2.36140
2.30581
2.25505
2.22766
2.23733
2.26875
2.32031
2.36785
2.39202
2.38477
2.34287
2.29453
2.25264
2.24458
2.26392
2.30742
2.35496
2.38557
2.38315
2.34932
2.30339
2.25666
2.23411
2.24458
2.27842
2.33079
2.36946
2.39282
2.38154
2.34448
2.30098
2.26392
2.24700
2.25666
2.28970
2.32998
2.35576
2.36704
2.35415
2.32192
2.28486
2.27036
2.27197
2.29534
2.33079
2.36382
2.37993
2.36543
2.33159
2.29131
2.26311
2.25505
2.26875
2.29937
2.33401
2.35898
2.36301
2.34851
2.31709
2.28809
2.27278
2.27358
2.29775
2.32756
2.35173
2.36060
2.34771
2.32031
2.28809
2.25747
2.25747
2.27520
2.30903
2.34207
2.36221
2.36624
2.34932
2.31709
2.29050
2.27278
2.26875
2.28809
2.31306
2.33481
2.34932
2.34368
2.32515
2.29614
2.27197
2.27600
2.29292
2.31870
2.34207
2.35496
2.35012
2.32676
2.30259
2.28003
2.26875
2.27036
2.29292
2.32434
2.34851
2.35737
2.35254
2.33079
2.30742
2.29131
2.29050
2.30178
2.32031
2.33723
2.34448
2.33481
2.31870
2.29775
2.27842
2.27197
2.28325
2.30742
2.33320
2.35012
2.35012
2.33965
