% exp_dist_02 raw data, tx-01->rx-04 3,6,9,12,15,18(x2) ft
2021.08.19
-----
tusb connection established
c-a x exits minicom
rcs-rx04-01 loop 256 ADC(0) GPIO26 sample capture
Baseline Samples
2.51609
2.49272
2.47581
2.47500
2.46291
2.44116
2.44116
2.44358
2.44761
2.44922
2.43311
2.40410
2.39443
2.39685
2.41055
2.40249
2.39604
2.39202
2.39202
2.38638
2.36543
2.34690
2.36785
2.38879
2.37832
2.35898
2.35496
2.35496
2.34932
2.33804
2.34448
2.34932
2.36060
2.35737
2.34207
2.32998
2.32917
2.32515
2.33804
2.34287
2.33804
2.32676
2.31064
2.31387
2.33804
2.34368
2.33401
2.32595
2.32112
2.32031
2.31628
2.30984
2.31870
2.33401
2.33562
2.32676
2.31387
2.31064
2.30823
2.30984
2.32676
2.32354
2.31548
2.31709
2.31628
2.29534
2.30662
2.32273
2.32354
2.31709
2.31064
2.30259
2.30178
2.32192
2.32273
2.31467
2.31064
2.30984
2.29775
2.31064
2.32112
2.31628
2.31145
2.30903
2.30500
2.30339
2.31870
2.32354
2.31467
2.30742
2.30420
2.30098
2.31548
2.32837
2.31870
2.31145
2.31064
2.30984
2.29775
2.30903
2.31548
2.32031
2.31628
2.31145
2.30339
2.29695
2.31628
2.32515
2.32112
2.31628
2.31387
2.30823
2.30339
2.30500
2.31790
2.32273
2.32112
2.31548
2.30742
2.30420
2.30742
2.31467
2.31064
2.30581
2.29775
2.31387
2.32595
2.32192
2.31467
2.31064
2.30823
2.30339
2.30823
2.32112
2.31709
2.31709
2.31467
2.30823
2.30098
2.30662
2.31709
2.31709
2.31145
2.30903
2.30420
2.30259
2.31709
2.31709
2.31467
2.31387
2.30581
2.29614
2.31064
2.32273
2.32515
2.32031
2.31387
2.30903
2.30581
2.30178
2.30984
2.31628
2.31467
2.31145
2.30662
2.29695
2.31226
2.32192
2.32354
2.31870
2.31387
2.30823
2.30420
2.30420
2.31548
2.32031
2.32031
2.31467
2.30823
2.30420
2.30178
2.31226
2.31709
2.31870
2.30500
2.31870
2.32837
2.32273
2.31709
2.31226
2.30742
2.30259
2.30259
2.31709
2.32515
2.32192
2.31709
2.31145
2.30581
2.30259
2.30420
2.31790
2.31870
2.31870
2.31145
2.30662
2.30420
2.29856
2.31628
2.32112
2.31628
2.31226
2.30903
2.30339
2.29937
2.31628
2.31709
2.32031
2.31467
2.30823
2.30500
2.29856
2.31387
2.32434
2.32031
2.31628
2.31064
2.30581
2.29614
2.31226
2.32354
2.32192
2.31709
2.31145
2.30742
2.31145
2.30903
2.32031
2.32354
2.32031
2.31226
2.30742
2.30178
2.30581
2.32031
2.32273
2.31709
2.31387
2.30984
2.30500
2.30098
2.31709
2.32112
2.31790
2.31467
2.30742
max: 2.51609	min: 2.29534	range: 0.22075	avg: 2.31145
previous capture range: 0.00000
Triggered capture
2.34045
2.35496
2.35496
2.33481
2.30420
2.28083
2.27117
2.28325
2.31709
2.35576
2.37913
2.35898
2.30742
2.25586
2.22202
2.22605
2.26956
2.33723
2.41458
2.44680
2.42666
2.35657
2.26956
2.20591
2.18335
2.21396
2.29937
2.40894
2.48467
2.48225
2.39927
2.26794
2.16724
2.12856
2.15354
2.25183
2.42344
2.55557
2.58618
2.50562
2.33562
2.17932
2.09714
2.08909
2.15999
2.33965
2.54106
2.62969
2.59424
2.43311
2.21396
2.08425
2.05928
2.09070
2.26069
2.53784
2.69736
2.70381
2.56685
2.28809
2.08989
2.03188
2.03672
2.12856
2.42344
2.66755
2.73362
2.68206
2.42747
2.14145
2.03833
2.02383
2.06250
2.30742
2.66353
2.77390
2.76343
2.56685
2.20349
2.03591
1.99885
2.01577
2.14871
2.56523
2.76504
2.79888
2.70703
2.33965
2.06411
1.99885
2.00771
2.06975
2.43149
2.74329
2.79727
2.76584
2.48628
2.10520
1.99160
1.98757
2.02463
2.27197
2.71187
2.82144
2.01899
1.99563
2.01980
2.21477
2.67561
2.78921
2.79243
2.66433
2.22363
2.01577
1.98918
2.00691
2.10601
2.59102
2.80210
2.82385
2.75940
2.37349
2.06169
1.99482
1.99644
2.04558
2.38718
2.73684
2.79888
2.68286
2.26069
2.03833
1.99644
2.00127
2.06975
2.47822
2.76665
2.81096
2.78196
2.50481
2.11648
2.00288
1.98918
2.01497
2.21880
2.65950
2.79727
2.81016
2.68528
2.26472
2.05283
2.00288
2.01013
2.07942
2.45647
2.75215
2.79807
2.75698
2.46694
2.11809
2.00530
1.97468
2.02061
2.24297
2.66755
2.79968
2.79243
2.62888
2.24216
2.04558
2.00127
2.01174
2.10681
2.49272
2.73281
2.77390
2.70864
2.42021
2.10359
2.01416
2.00449
2.03914
2.23975
2.63613
2.78115
2.78518
2.64902
2.27600
2.06169
2.00691
2.01255
2.09070
2.41941
2.69736
2.75779
2.70623
2.44358
2.14307
2.03027
2.01174
2.03994
2.19382
2.55959
2.73281
2.74973
2.63210
2.30581
2.07136
2.01013
2.01094
2.07136
2.32676
2.65305
2.75618
2.73040
2.52979
2.22202
2.05605
2.01497
2.03350
2.16079
2.48789
2.69736
2.73362
2.63130
2.33401
2.10198
2.03108
2.03430
2.10601
2.38235
2.64983
2.72234
2.66111
2.42585
2.15999
2.04719
2.02061
2.06169
2.23008
2.52092
2.70220
2.71428
2.57812
2.30903
2.11084
2.04639
2.04961
2.13098
2.37832
2.61277
2.68286
2.61196
2.38799
2.15435
2.05847
max: 2.82385	min: 1.97468	range: 0.84917	avg: 2.18899
Baseline Samples
2.32112
2.31790
2.31467
2.31145
2.30259
2.31387
2.32354
2.32515
2.32112
2.31387
2.30742
2.30823
2.32434
2.32837
2.32192
2.32676
2.32273
2.31790
2.31145
2.30581
2.30581
2.31790
2.32917
2.32354
2.31709
2.31145
2.30903
2.30662
2.32192
2.32273
2.31628
2.32112
2.32112
2.32192
2.32031
2.31628
2.31145
2.31467
2.31145
2.32112
2.32676
2.32354
2.31870
2.31387
2.30742
2.30420
2.32273
2.33562
2.32917
2.32354
2.31870
2.31628
2.31145
2.30500
2.31628
2.32192
2.32756
2.32273
2.31548
2.30984
2.30823
2.31387
2.32515
2.32998
2.32515
2.32354
2.31870
2.31226
2.30420
2.30903
2.32515
2.32354
2.32192
2.31709
2.31628
2.31306
2.30098
2.31226
2.32112
2.32756
2.32354
2.31628
2.30903
2.30662
2.31387
2.32676
2.32112
2.32112
2.31870
2.31628
2.30984
2.30420
2.31870
2.32998
2.32756
2.32031
2.31145
2.30823
2.30823
2.32434
2.32354
2.32354
2.33159
2.32917
2.32112
2.31145
2.30903
2.30420
2.31709
2.32354
2.32031
2.32192
2.32192
2.31467
2.30500
2.30500
2.32434
2.32837
2.32112
2.31709
2.31226
2.31226
2.30742
2.31870
2.32354
2.32917
2.32837
2.32273
2.31387
2.30742
2.30420
2.32192
2.32998
2.32837
2.32354
2.32192
2.31870
2.31064
2.29937
2.31548
2.32917
2.33320
2.32434
2.31790
2.31628
2.31467
2.29856
2.31145
2.32434
2.32434
2.32676
2.31870
2.31709
2.32192
2.32515
2.32031
2.31145
2.30500
2.30581
2.32354
2.32917
2.32192
2.31628
2.31467
2.31064
2.30823
2.31870
2.32192
2.32192
2.32354
2.31790
2.30984
2.30742
2.31145
2.32756
2.31145
2.31870
2.32031
2.31870
2.31145
2.30098
2.31709
2.32756
2.33401
2.32676
2.31709
2.31306
2.31226
2.30662
2.31790
2.32354
2.32917
2.32756
2.32273
2.31387
2.30662
2.30339
2.32112
2.32273
2.32273
2.31870
2.31628
2.31467
2.30742
2.30662
2.32112
2.33320
2.32998
2.32192
2.31387
2.30984
2.30903
2.31064
2.32192
2.32837
2.32595
2.32515
2.32031
2.30984
2.30339
2.30742
2.32676
2.33320
2.32434
2.31870
2.31790
2.31628
2.30823
2.30742
2.31226
2.32434
2.32112
2.31145
2.30339
2.30581
2.32676
2.32676
2.31709
2.31064
2.30984
2.30742
2.32031
2.31951
2.32031
2.32112
2.31870
2.30984
2.30178
2.31870
2.32676
2.32756
2.31790
2.30903
2.30823
2.30984
2.32273
max: 2.33562	min: 2.29856	range: 0.03706	avg: 2.31628
previous capture range: 0.84917
Triggered capture
2.30581
2.30259
2.30178
2.29856
2.29614
2.29614
2.30098
2.30903
2.31467
2.31387
2.30823
2.31387
2.31145
2.30984
2.30823
2.30581
2.30339
2.30178
2.29937
2.29695
2.29695
2.30339
2.31064
2.31709
2.32192
2.32273
2.32031
2.31790
2.31548
2.31226
2.30984
2.30903
2.30581
2.30420
2.30178
2.29937
2.29856
2.29453
2.29856
2.30662
2.31145
2.31548
2.32273
2.32192
2.32031
2.31709
2.31306
2.30984
2.30500
2.30339
2.30339
2.30339
2.30420
2.29937
2.29856
2.29937
2.30339
2.30581
2.30259
2.31064
2.31628
2.32192
2.32273
2.31790
2.30742
2.29453
2.28325
2.27842
2.28164
2.30098
2.32515
2.34368
2.34690
2.32917
2.30500
2.28406
2.27278
2.28003
2.30098
2.32837
2.34690
2.34771
2.32676
2.29050
2.26392
2.25586
2.26875
2.30742
2.35576
2.39121
2.39443
2.36382
2.30984
2.25586
2.22444
2.22605
2.26472
2.32676
2.38477
2.40974
2.38638
2.32998
2.26392
2.21396
2.19866
2.22766
2.30500
2.39524
2.45405
2.45244
2.38396
2.28164
2.19543
2.15596
2.17046
2.24377
2.36865
2.47903
2.51125
2.45808
2.33965
2.22122
2.15354
2.14709
2.20591
2.33481
2.47017
2.53462
2.50400
2.39041
2.24377
2.14307
2.09875
2.12454
2.23008
2.39282
2.53381
2.58135
2.51689
2.36140
2.20027
2.11245
2.09231
2.14387
2.28567
2.46372
2.57249
2.57651
2.47258
2.30581
2.16079
2.09070
2.09312
2.16643
2.34126
2.52979
2.62646
2.60391
2.46130
2.25183
2.11406
2.06653
2.08425
2.19382
2.40088
2.56765
2.62244
2.56604
2.38477
2.19141
2.09150
2.07297
2.12373
2.29292
2.52092
2.64097
2.62969
2.48870
2.26069
2.10842
2.06089
2.06492
2.16401
2.38477
2.58135
2.65386
2.59504
2.40249
2.19946
2.08989
2.06411
2.10359
2.25183
2.48628
2.62566
2.64016
2.53059
2.31790
2.13340
2.06169
2.06169
2.13098
2.33481
2.56362
2.65950
2.61680
2.43794
2.21960
2.09392
2.06169
2.09714
2.23008
2.45889
2.60229
2.62163
2.52415
2.32354
2.15112
2.07378
2.07217
2.13743
2.31790
2.54026
2.63452
2.60471
2.45164
2.24619
2.11165
2.06331
2.08184
2.19302
2.39685
2.57249
2.61680
2.53623
2.34529
2.17690
2.09312
2.08667
2.15596
2.33401
2.52656
2.61116
2.56685
2.40974
2.22686
2.10923
2.07056
2.09392
2.23088
2.43955
2.58215
2.60391
2.50320
2.31709
2.16643
max: 2.65950	min: 2.06089	range: 0.59861	avg: 2.29050
Baseline Samples
2.31145
2.30742
2.30339
2.30098
2.30017
2.31709
2.32031
2.31387
2.30742
2.30420
2.30339
2.31467
2.32192
2.32354
2.31790
2.30903
2.30178
2.29775
2.31467
2.32354
2.32031
2.31387
2.30903
2.30500
2.29614
2.30823
2.31870
2.31870
2.31790
2.31387
2.30662
2.29937
2.30178
2.32112
2.32031
2.31387
2.30500
2.30500
2.30259
2.31226
2.31790
2.32354
2.32112
2.31709
2.31548
2.30339
2.29534
2.31145
2.31548
2.31628
2.30903
2.31387
2.31145
2.30339
2.29856
2.31306
2.31628
2.31790
2.31548
2.30742
2.30259
2.30098
2.31628
2.32354
2.32354
2.31790
2.31548
2.31145
2.30500
2.29614
2.30742
2.32273
2.32756
2.31870
2.31226
2.30984
2.30662
2.29453
2.30823
2.31870
2.31628
2.31709
2.31226
2.30581
2.30259
2.30742
2.31467
2.30823
2.31628
2.31467
2.30984
2.30581
2.30098
2.31467
2.31870
2.32031
2.31467
2.30823
2.30420
2.30339
2.31870
2.31870
2.31790
2.31628
2.31387
2.30823
2.29050
2.30823
2.32031
2.31790
2.31226
2.30500
2.30178
2.30742
2.32192
2.31790
2.31548
2.31226
2.30984
2.30500
2.30098
2.31387
2.32031
2.31951
2.31387
2.30581
2.30178
2.30339
2.32031
2.32031
2.31467
2.31145
2.30984
2.30420
2.30339
2.31709
2.31145
2.31790
2.31548
2.30903
2.30339
2.30098
2.31145
2.32354
2.31870
2.31467
2.31145
2.30581
2.29775
2.30984
2.31467
2.32756
2.32354
2.31548
2.31145
2.30903
2.30500
2.30098
2.31467
2.32676
2.32676
2.32031
2.31145
2.30500
2.30339
2.30339
2.31790
2.31628
2.30662
2.31628
2.32273
2.31467
2.30742
2.30339
2.29937
2.31548
2.32112
2.31790
2.31467
2.31145
2.30581
2.29534
2.30903
2.32192
2.32837
2.32031
2.31226
2.30823
2.30742
2.29775
2.30742
2.31709
2.31709
2.32031
2.31628
2.30662
2.30259
2.29775
2.31387
2.32192
2.31870
2.31387
2.31145
2.30742
2.30098
2.30420
2.31951
2.32676
2.32273
2.31467
2.30823
2.30500
2.30259
2.30742
2.31790
2.31548
2.31387
2.31064
2.30339
2.29856
2.31467
2.32112
2.32031
2.31467
2.30823
2.30500
2.29695
2.31064
2.32031
2.31548
2.31387
2.31145
2.30581
2.29534
2.30742
2.31870
2.31790
2.31548
2.30823
2.30339
2.30098
2.31467
2.31628
2.31628
2.31628
2.31226
2.30742
2.29937
2.30420
2.32031
2.31387
2.31548
2.30903
2.30500
2.30178
2.30662
max: 2.32837	min: 2.29050	range: 0.03787	avg: 2.30581
previous capture range: 0.59861
Triggered capture
2.30500
2.27358
2.25264
2.25828
2.29131
2.33723
2.37349
2.38799
2.37268
2.33562
2.29050
2.25586
2.24539
2.26311
2.30500
2.35334
2.38235
2.37913
2.34851
2.30098
2.25747
2.23169
2.24216
2.29292
2.35898
2.41135
2.42102
2.38477
2.31628
2.24861
2.20671
2.20430
2.24377
2.32676
2.41055
2.45002
2.43149
2.36060
2.27922
2.21558
2.19382
2.22122
2.29453
2.38557
2.44841
2.44761
2.38638
2.28889
2.21316
2.18174
2.19946
2.27520
2.38235
2.46936
2.49836
2.44116
2.34045
2.23813
2.17610
2.16885
2.21880
2.32273
2.42988
2.48225
2.45647
2.37188
2.26472
2.18818
2.16079
2.19785
2.29050
2.41135
2.49272
2.49272
2.41377
2.29292
2.19382
2.14468
2.15596
2.23733
2.37268
2.48386
2.52173
2.47017
2.35334
2.23491
2.16643
2.15757
2.21396
2.32837
2.44680
2.50400
2.47178
2.37188
2.24700
2.16160
2.14387
2.18335
2.28809
2.41699
2.50320
2.49836
2.41538
2.29211
2.19785
2.15354
2.17207
2.25022
2.37026
2.47822
2.50803
2.44438
2.32837
2.22122
2.16240
2.16401
2.22686
2.33643
2.44116
2.48145
2.43875
2.34287
2.24539
2.18174
2.17288
2.22524
2.32354
2.43391
2.49192
2.47178
2.38638
2.28083
2.19866
2.16401
2.18496
2.25666
2.35979
2.43875
2.46130
2.41699
2.32917
2.23975
2.18496
2.18496
2.23975
2.33643
2.42505
2.46614
2.43633
2.35254
2.25425
2.18899
2.15918
2.20510
2.29211
2.39443
2.46211
2.46453
2.40813
2.31870
2.23813
2.19543
2.19785
2.24941
2.33079
2.41216
2.44519
2.42102
2.34690
2.25989
2.19302
2.18335
2.21799
2.29050
2.38477
2.45164
2.45405
2.39604
2.31467
2.23975
2.20188
2.20833
2.25989
2.33804
2.40732
2.42988
2.39766
2.21719
2.26230
2.33481
2.40168
2.43472
2.41860
2.35979
2.28647
2.22927
2.20349
2.21960
2.26875
2.33965
2.39282
2.41458
2.39524
2.33643
2.27600
2.23733
2.23088
2.25989
2.31870
2.38154
2.41377
2.40249
2.35334
2.28889
2.23652
2.21477
2.23088
2.27520
2.34045
2.39604
2.40894
2.37913
2.32676
2.27197
2.24297
2.24377
2.28003
2.33079
2.37671
2.39363
2.37188
2.32676
2.27520
2.23894
2.21719
2.25022
2.30178
2.35576
2.39202
2.39282
2.35979
2.31064
2.27036
2.25264
2.26311
2.29453
2.33723
2.36543
2.36946
2.34448
2.30420
2.26633
2.24458
2.25183
2.27842
2.32112
max: 2.52173	min: 2.14387	range: 0.37786	avg: 2.29534
Baseline Samples
2.29614
2.31387
2.31790
2.32112
2.31628
2.30823
2.29856
2.31387
2.32676
2.32192
2.31467
2.30742
2.30581
2.32273
2.32192
2.31790
2.31467
2.31064
2.29695
2.31145
2.32434
2.32192
2.32031
2.31387
2.30823
2.30581
2.31387
2.31709
2.31790
2.32031
2.32676
2.32273
2.31548
2.30984
2.30420
2.31064
2.32354
2.33079
2.32515
2.32112
2.31628
2.31064
2.30420
2.30903
2.32354
2.33079
2.32515
2.32031
2.31548
2.31064
2.30581
2.30581
2.32031
2.32676
2.32192
2.31709
2.31064
2.30581
2.30339
2.32031
2.32998
2.32676
2.32112
2.31628
2.31145
2.30662
2.30420
2.31709
2.33079
2.32837
2.32192
2.31709
2.31145
2.30742
2.30420
2.31870
2.32756
2.32756
2.32273
2.31709
2.31064
2.30662
2.30420
2.32031
2.32515
2.32031
2.31628
2.31145
2.30662
2.30420
2.31628
2.32192
2.32031
2.31628
2.31064
2.30581
2.30500
2.31870
2.32273
2.31870
2.31790
2.31548
2.31145
2.30500
2.30903
2.32273
2.33079
2.32595
2.32031
2.31467
2.30984
2.30500
2.30823
2.32192
2.32917
2.32515
2.32031
2.31548
2.30984
2.30500
2.30581
2.32434
2.32515
2.32031
2.31387
2.30984
2.30662
2.30984
2.32273
2.31709
2.32031
2.31548
2.30903
2.29856
2.31387
2.32273
2.32515
2.32112
2.31548
2.31064
2.30662
2.30903
2.30984
2.30259
2.31548
2.32756
2.32595
2.32112
2.31628
2.31064
2.30339
2.30984
2.32434
2.31628
2.32112
2.31548
2.31064
2.30742
2.30984
2.32354
2.32112
2.32031
2.31467
2.30984
2.29534
2.31226
2.32515
2.32031
2.31870
2.31467
2.30903
2.30178
2.31387
2.32676
2.32354
2.32031
2.31467
2.30823
2.30259
2.31709
2.32112
2.32192
2.31467
2.31064
2.30500
2.31145
2.32354
2.32273
2.32112
2.31790
2.31226
2.30581
2.30823
2.32676
2.33401
2.32676
2.31790
2.31467
2.31226
2.30742
2.30903
2.32112
2.31709
2.32354
2.31628
2.30984
2.30500
2.31145
2.32676
2.31790
2.31790
2.31387
2.31145
2.30984
2.31145
2.32192
2.32031
2.32354
2.31870
2.31145
2.30500
2.30581
2.32192
2.32917
2.32192
2.31628
2.31306
2.30984
2.30581
2.31870
2.32676
2.33079
2.32515
2.31628
2.31064
2.30823
2.30581
2.32031
2.32112
2.32192
2.32112
2.31709
2.31145
2.29211
2.31145
2.32756
2.32515
2.32112
2.31467
2.31064
2.30984
2.30903
2.31870
2.32837
2.32917
2.32595
max: 2.33401	min: 2.29211	range: 0.04189	avg: 2.32515
previous capture range: 0.37786
Triggered capture
2.32434
2.32273
2.32031
2.31709
2.31548
2.31226
2.31064
2.30823
2.30581
2.29695
2.30259
2.31145
2.31870
2.32595
2.32515
2.32354
2.32192
2.32031
2.31709
2.31467
2.31306
2.30984
2.30823
2.30662
2.30017
2.30339
2.31387
2.32031
2.31628
2.32434
2.32273
2.32112
2.31870
2.31709
2.31548
2.31226
2.31064
2.30823
2.30500
2.30098
2.30339
2.31226
2.32031
2.31709
2.32434
2.32354
2.32031
2.31870
2.31790
2.31387
2.31387
2.31064
2.30823
2.30662
2.30098
2.30500
2.31145
2.32031
2.32434
2.33079
2.32998
2.32756
2.32434
2.32273
2.32031
2.31548
2.31628
2.31145
2.31145
2.30903
2.30500
2.30098
2.30500
2.31387
2.32192
2.31790
2.32354
2.32273
2.32192
2.32031
2.31628
2.31064
2.31226
2.30823
2.30742
2.30823
2.30339
2.31064
2.31790
2.32273
2.32676
2.32273
2.32112
2.31628
2.31064
2.30420
2.29695
2.29534
2.30259
2.31790
2.33320
2.33240
2.32756
2.32676
2.31628
2.30581
2.30178
2.30339
2.31064
2.32112
2.32676
2.32434
2.31226
2.30500
2.29937
2.29856
2.29937
2.31387
2.33240
2.34448
2.35012
2.33723
2.31548
2.29131
2.27358
2.27117
2.28325
2.31387
2.34932
2.36704
2.36865
2.34932
2.31709
2.28889
2.27520
2.27761
2.30581
2.33965
2.36543
2.37429
2.35576
2.32031
2.27761
2.24539
2.24055
2.26633
2.31306
2.36060
2.39846
2.39927
2.36624
2.31467
2.26714
2.24055
2.23733
2.26956
2.32112
2.36865
2.39363
2.38879
2.35415
2.30259
2.25586
2.23088
2.24136
2.29131
2.35576
2.41055
2.42666
2.39604
2.33401
2.26472
2.21799
2.20188
2.22686
2.29453
2.37188
2.43472
2.44519
2.41296
2.34126
2.26633
2.21960
2.21074
2.24539
2.31226
2.39524
2.44116
2.43311
2.37349
2.28809
2.21074
2.18496
2.20510
2.27520
2.36301
2.44841
2.47097
2.43230
2.34851
2.26311
2.20591
2.19463
2.23008
2.30178
2.38799
2.44358
2.44358
2.38396
2.29534
2.22524
2.18899
2.20188
2.26472
2.35012
2.43552
2.46614
2.43633
2.35657
2.26714
2.20591
2.18335
2.20671
2.27117
2.35496
2.42827
2.45566
2.42263
2.34771
2.26875
2.21235
2.20188
2.24539
2.32112
2.40813
2.45647
2.43955
2.37188
2.28245
2.21396
2.18657
2.19302
2.26875
2.35415
2.43713
2.45808
2.42102
2.34287
2.26392
2.21235
2.21074
2.25264
2.32837
2.40330
2.43955
2.42424
max: 2.47097	min: 2.18335	range: 0.28762	avg: 2.40813
Baseline Samples
2.30178
2.32192
2.32354
2.31870
2.31387
2.30823
2.30259
2.31548
2.32031
2.32273
2.31790
2.31387
2.30903
2.30259
2.31628
2.32031
2.32031
2.32031
2.31548
2.30823
2.30259
2.31790
2.32273
2.32273
2.32112
2.31306
2.30984
2.30742
2.31387
2.32434
2.31790
2.32031
2.31709
2.31064
2.29775
2.31145
2.32273
2.32756
2.32192
2.31548
2.30984
2.30581
2.30581
2.32273
2.32837
2.32515
2.32192
2.31628
2.30984
2.30500
2.30500
2.32031
2.33079
2.32756
2.31870
2.31467
2.31064
2.30662
2.30500
2.32112
2.32112
2.32031
2.31548
2.31064
2.30420
2.30742
2.32192
2.33079
2.32676
2.32031
2.31467
2.30984
2.30581
2.30581
2.32112
2.32917
2.32515
2.32112
2.31548
2.30903
2.30500
2.30581
2.32192
2.32998
2.32515
2.32031
2.31467
2.31064
2.30420
2.30500
2.32192
2.31145
2.30500
2.30420
2.32031
2.32676
2.32192
2.31709
2.31226
2.30742
2.30420
2.31870
2.32273
2.32192
2.31790
2.31145
2.30742
2.30581
2.32031
2.32354
2.32112
2.31709
2.31226
2.30742
2.30662
2.32031
2.33079
2.32756
2.32273
2.31628
2.31064
2.30662
2.30581
2.32031
2.32998
2.32676
2.32112
2.31709
2.31145
2.30581
2.30420
2.32112
2.32192
2.32031
2.31628
2.31145
2.30500
2.30581
2.32031
2.32354
2.32031
2.31790
2.31226
2.30823
2.30259
2.31387
2.32676
2.32998
2.32273
2.31790
2.31387
2.30823
2.30339
2.31709
2.32273
2.32917
2.32434
2.31870
2.31226
2.30742
2.30178
2.31628
2.32676
2.32837
2.32273
2.31628
2.31387
2.30984
2.30259
2.31467
2.31790
2.32595
2.32112
2.31548
2.30903
2.30420
2.30903
2.32515
2.31870
2.32031
2.31628
2.31467
2.30742
2.30339
2.31790
2.32756
2.32998
2.32434
2.31548
2.30903
2.30823
2.30581
2.31709
2.31870
2.32031
2.32031
2.31709
2.30903
2.30098
2.31064
2.31870
2.31709
2.31790
2.31467
2.31064
2.30903
2.30742
2.31628
2.32031
2.32031
2.32273
2.31628
2.30903
2.30420
2.31145
2.32031
2.31951
2.31226
2.30984
2.31064
2.30984
2.32192
2.31870
2.31790
2.31628
2.30984
2.30098
2.31548
2.32756
2.32756
2.32031
2.31145
2.30662
2.30500
2.32192
2.32676
2.32756
2.32273
2.31790
2.31145
2.30098
2.32112
2.33159
2.32515
2.31951
2.31467
2.30984
2.30420
2.30903
2.32354
2.32837
2.32595
2.32273
2.31467
2.30984
2.30581
max: 2.33159	min: 2.29775	range: 0.03384	avg: 2.30984
previous capture range: 0.28762
Triggered capture
2.31790
2.31790
2.31548
2.31387
2.31064
2.30742
2.30742
2.30500
2.30500
2.30098
2.29695
2.30178
2.30823
2.31306
2.32031
2.32112
2.32112
2.32031
2.31709
2.31387
2.30823
2.30420
2.29856
2.29775
2.29775
2.29937
2.30903
2.31870
2.32273
2.32112
2.32031
2.31467
2.31145
2.31387
2.31790
2.32192
2.32434
2.32031
2.31064
2.29937
2.28970
2.28486
2.28567
2.30178
2.32192
2.33723
2.34045
2.33643
2.32112
2.30420
2.29534
2.29614
2.30581
2.32192
2.33401
2.33643
2.32515
2.30662
2.28567
2.34690
2.36221
2.35979
2.34045
2.31387
2.28809
2.27358
2.27761
2.29614
2.32434
2.34690
2.35012
2.33481
2.30098
2.27358
2.26311
2.27036
2.29534
2.32837
2.35898
2.37349
2.36301
2.33079
2.29131
2.25989
2.24861
2.26069
2.29373
2.33079
2.36301
2.37429
2.35334
2.31467
2.28003
2.25908
2.26472
2.29373
2.33965
2.37510
2.38557
2.36382
2.31790
2.27036
2.23894
2.23411
2.25828
2.30742
2.36624
2.39685
2.39121
2.35173
2.29856
2.25828
2.24377
2.26230
2.30420
2.35576
2.38879
2.38638
2.34932
2.29534
2.24700
2.22122
2.23491
2.28325
2.34287
2.39121
2.41296
2.38718
2.33240
2.27681
2.24136
2.23733
2.26472
2.31548
2.36543
2.39202
2.37913
2.33401
2.27358
2.24055
2.22927
2.25264
2.29614
2.35979
2.39604
2.40088
2.36865
2.31467
2.26392
2.23250
2.23169
2.26230
2.31467
2.35898
2.38557
2.37993
2.34126
2.29050
2.25586
2.24539
2.26392
2.30662
2.35898
2.39443
2.39524
2.36140
2.30823
2.25828
2.23088
2.23169
2.26311
2.31709
2.36624
2.39443
2.38396
2.33562
2.28889
2.25022
2.23733
2.25828
2.30420
2.35415
2.38557
2.38235
2.34690
2.29131
2.24700
2.23088
2.24780
2.29131
2.34609
2.39363
2.40491
2.38235
2.33643
2.28809
2.25264
2.24055
2.25908
2.29856
2.34609
2.37832
2.37510
2.34609
2.29856
2.26150
2.24539
2.25666
2.29211
2.34207
2.38235
2.39604
2.37913
2.33562
2.28889
2.25425
2.24377
2.25828
2.29614
2.34045
2.36785
2.36382
2.34126
2.30581
2.27197
2.25022
2.26230
2.29131
2.33401
2.36946
2.37993
2.36221
2.32676
2.28486
2.25344
2.24297
2.24619
2.28809
2.33562
2.37349
2.38235
2.36301
2.32756
2.28970
2.26553
2.26553
2.28567
2.32192
2.35496
2.36704
2.35576
2.32595
2.28809
2.25747
2.24700
2.26311
max: 2.41296	min: 2.22122	range: 0.19175	avg: 2.26392
Baseline Samples
2.32354
2.32273
2.31790
2.31064
2.30420
2.30903
2.31628
2.32112
2.31548
2.30823
2.30098
2.32515
2.32354
2.31709
2.31145
2.30823
2.30098
2.31145
2.32354
2.32031
2.31870
2.31387
2.30823
2.30178
2.31387
2.32515
2.32917
2.32273
2.31709
2.31226
2.30823
2.30259
2.31628
2.32434
2.32837
2.32354
2.31709
2.31145
2.30823
2.30259
2.31548
2.32112
2.32837
2.32273
2.31628
2.31145
2.30581
2.30098
2.31548
2.32192
2.31870
2.31709
2.31226
2.30903
2.30420
2.30903
2.32192
2.31870
2.32031
2.31548
2.30823
2.30500
2.30420
2.31870
2.32192
2.31870
2.31467
2.30823
2.30500
2.30903
2.32112
2.32273
2.32756
2.32837
2.32112
2.31548
2.31145
2.30581
2.30259
2.32031
2.32756
2.32756
2.32112
2.31628
2.31064
2.30581
2.30259
2.31628
2.32676
2.32676
2.32112
2.31628
2.31064
2.30581
2.30420
2.31548
2.32434
2.32273
2.31709
2.31064
2.30742
2.30178
2.31548
2.32515
2.32756
2.32192
2.31548
2.31226
2.30742
2.30178
2.31628
2.32031
2.32031
2.31628
2.31145
2.30420
2.30339
2.32031
2.32676
2.32756
2.32192
2.31628
2.31145
2.30823
2.30500
2.31548
2.32273
2.31709
2.31145
2.30742
2.30420
2.31870
2.32192
2.31870
2.31467
2.30984
2.30742
2.31306
2.32434
2.32112
2.32192
2.31870
2.31387
2.30662
2.30420
2.32112
2.32434
2.31870
2.31870
2.31387
2.30823
2.30420
2.31628
2.32192
2.32917
2.32354
2.31790
2.31387
2.30903
2.29937
2.31548
2.32515
2.32756
2.32192
2.31790
2.31387
2.30742
2.30259
2.31306
2.32676
2.32515
2.31790
2.31145
2.30823
2.30259
2.31628
2.32756
2.32837
2.32273
2.31870
2.31387
2.30903
2.29937
2.31387
2.32434
2.32917
2.32515
2.31709
2.31387
2.30984
2.29937
2.31145
2.32434
2.32112
2.31709
2.31467
2.30984
2.30178
2.31548
2.32676
2.32917
2.32354
2.32031
2.31145
2.30903
2.30339
2.31628
2.32273
2.32837
2.32434
2.31790
2.31467
2.30823
2.30098
2.31387
2.31790
2.32112
2.31709
2.31790
2.31226
2.30823
2.30581
2.31870
2.32273
2.32273
2.31790
2.31226
2.30823
2.30500
2.31628
2.32837
2.32515
2.31790
2.31387
2.30903
2.30500
2.31790
2.32917
2.32756
2.32354
2.31870
2.31387
2.30823
2.30339
2.31790
2.32192
2.32031
2.32192
2.32434
2.32434
2.31790
2.31467
2.30984
2.29937
2.31226
2.32515
max: 2.32917	min: 2.29937	range: 0.02981	avg: 2.31709
previous capture range: 0.19175
Triggered capture
2.31709
2.31387
2.31870
2.31628
2.31226
2.30984
2.30581
2.30339
2.30339
2.30259
2.30339
2.30178
2.30903
2.30903
2.31467
2.31226
2.31870
2.31870
2.32031
2.32273
2.32354
2.32112
2.31628
2.30742
2.29937
2.29453
2.29373
2.29775
2.30500
2.31790
2.32112
2.31870
2.31709
2.30420
2.29775
2.29534
2.29856
2.30903
2.31790
2.29775
2.29050
2.30178
2.31870
2.33643
2.34368
2.34690
2.33481
2.31064
2.29050
2.27600
2.27520
2.28809
2.30903
2.32837
2.33562
2.33401
2.32112
2.30017
2.28164
2.27842
2.29292
2.31548
2.34529
2.36543
2.35818
2.33643
2.29937
2.26875
2.25264
2.25747
2.28003
2.31548
2.35012
2.37188
2.36060
2.32192
2.28003
2.25989
2.25425
2.27681
2.31709
2.35415
2.37671
2.36543
2.32756
2.27922
2.24055
2.23169
2.25666
2.30339
2.35254
2.38396
2.39282
2.36060
2.31064
2.26069
2.23411
2.24055
2.27117
2.32192
2.36704
2.38074
2.36462
2.32515
2.27922
2.24619
2.24619
2.27117
2.32031
2.37349
2.40088
2.39282
2.34771
2.28970
2.24539
2.22363
2.23813
2.28083
2.33159
2.37913
2.39443
2.36946
2.31387
2.25344
2.23733
2.24136
2.27681
2.32917
2.37913
2.39282
2.37188
2.32515
2.26956
2.22686
2.22122
2.25183
2.30581
2.35737
2.39846
2.39685
2.36060
2.30581
2.25828
2.23330
2.23733
2.26956
2.31790
2.35898
2.37510
2.36301
2.32676
2.28486
2.25505
2.24377
2.26230
2.29937
2.34529
2.37671
2.38154
2.35576
2.31064
2.26633
2.23491
2.23088
2.26472
2.31064
2.36140
2.39121
2.38315
2.34448
2.29775
2.26230
2.24700
2.25828
2.29131
2.33079
2.35979
2.36301
2.33159
2.30017
2.26956
2.25747
2.26553
2.29453
2.33643
2.36785
2.37832
2.36301
2.32917
2.29131
2.26311
2.25344
2.26633
2.29695
2.33079
2.35093
2.34609
2.32595
2.29937
2.27520
2.26069
2.27117
2.29534
2.32917
2.35334
2.36140
2.34771
2.32112
2.28245
2.25908
2.25344
2.26472
2.29453
2.33562
2.35898
2.36060
2.34287
2.31145
2.28406
2.27036
2.27278
2.29534
2.32031
2.34045
2.34448
2.33159
2.30420
2.27520
2.26472
2.27036
2.29211
2.31548
2.33562
2.35576
2.35093
2.32837
2.29937
2.27761
2.26633
2.27520
2.29373
2.31548
2.32998
2.33481
2.33079
2.31226
2.28647
2.28164
2.28325
2.29534
2.31628
2.33240
2.34045
2.33240
2.31387
2.29131
max: 2.40088	min: 2.22122	range: 0.17966	avg: 2.30662
Baseline Samples
2.30823
2.31467
2.31467
2.30984
2.30500
2.29937
2.31467
2.32354
2.32273
2.31709
2.30984
2.30823
2.31145
2.30420
2.31790
2.32595
2.32112
2.31467
2.30581
2.30178
2.30903
2.32192
2.31467
2.30984
2.30581
2.29937
2.31145
2.32273
2.32031
2.31628
2.31306
2.30742
2.29292
2.30903
2.32273
2.31870
2.31628
2.31064
2.30823
2.30500
2.30420
2.32031
2.31790
2.31387
2.30984
2.30420
2.30339
2.32031
2.32031
2.31790
2.31145
2.30581
2.30098
2.31628
2.32515
2.32354
2.32273
2.32031
2.31628
2.31226
2.30500
2.29856
2.31628
2.32112
2.32031
2.31467
2.31064
2.30581
2.30339
2.31387
2.32434
2.32273
2.31628
2.31145
2.30581
2.30098
2.31387
2.31467
2.31870
2.31387
2.30742
2.30339
2.30823
2.32112
2.32112
2.31870
2.31467
2.31064
2.30339
2.30581
2.32112
2.31709
2.31951
2.31548
2.30984
2.30581
2.30420
2.31467
2.32676
2.32273
2.31709
2.31226
2.30742
2.29775
2.31226
2.31145
2.32112
2.31709
2.31064
2.30662
2.30098
2.31387
2.32192
2.31790
2.31548
2.31145
2.30339
2.30339
2.32031
2.32112
2.32031
2.31467
2.30903
2.30339
2.31064
2.30984
2.31226
2.32031
2.31548
2.31145
2.30662
2.30339
2.31870
2.31870
2.32112
2.31628
2.30903
2.30500
2.30420
2.32031
2.32273
2.32031
2.31548
2.31145
2.30662
2.30339
2.31870
2.32192
2.31870
2.31387
2.30742
2.30098
2.31628
2.31628
2.32031
2.31628
2.30984
2.30420
2.30823
2.32354
2.32273
2.31709
2.31145
2.30903
2.30178
2.31628
2.31870
2.32112
2.31709
2.31145
2.30742
2.30420
2.31790
2.32112
2.32837
2.32434
2.31951
2.31467
2.30903
2.30259
2.30823
2.32031
2.31790
2.32112
2.31548
2.31064
2.30742
2.30339
2.31870
2.32756
2.32837
2.32192
2.31628
2.31064
2.30581
2.30339
2.31709
2.32112
2.32112
2.31870
2.31064
2.30903
2.30581
2.31064
2.32112
2.31790
2.31790
2.31387
2.30823
2.29695
2.31226
2.32354
2.32031
2.31870
2.31467
2.31064
2.30500
2.30420
2.32031
2.31790
2.31709
2.31387
2.30823
2.29937
2.31387
2.32354
2.32354
2.31870
2.31064
2.30823
2.29534
2.30984
2.32273
2.32112
2.31548
2.30984
2.30581
2.30178
2.31709
2.32434
2.32192
2.31628
2.31064
2.30581
2.30259
2.32434
2.31709
2.31387
2.30823
2.30259
2.30662
2.32192
2.30742
2.31870
2.31145
2.30662
max: 2.32837	min: 2.29292	range: 0.03545	avg: 2.30984
previous capture range: 0.17966
Triggered capture
2.30984
2.32192
2.32837
2.32676
2.32515
2.32515
2.32273
2.32031
2.31548
2.31387
2.31145
2.31145
2.31226
2.30500
2.31145
2.31548
2.32031
2.32031
2.32031
2.32192
2.32273
2.32515
2.32676
2.32434
2.31709
2.30823
2.30098
2.28970
2.29937
2.31226
2.32676
2.34045
2.33401
2.33481
2.32273
2.31064
2.30420
2.30098
2.30823
2.31951
2.32917
2.33159
2.32031
2.31226
2.30339
2.29695
2.29856
2.31226
2.32917
2.34609
2.35576
2.34932
2.33079
2.30903
2.28567
2.27681
2.28164
2.29050
2.32676
2.35254
2.36785
2.35576
2.32434
2.29775
2.28003
2.27922
2.29775
2.32917
2.35818
2.36704
2.35657
2.32515
2.28003
2.25908
2.25828
2.28083
2.32515
2.36543
2.38879
2.38718
2.35576
2.30984
2.27036
2.25022
2.25666
2.29050
2.33401
2.36462
2.38638
2.36785
2.33240
2.28647
2.25505
2.25264
2.28245
2.32998
2.37832
2.40249
2.38879
2.34368
2.28728
2.24297
2.22363
2.24700
2.29856
2.36865
2.40168
2.41699
2.37913
2.32031
2.26553
2.23572
2.24055
2.27922
2.33723
2.38799
2.40491
2.37590
2.32676
2.27358
2.24297
2.23975
2.26794
2.32676
2.38477
2.41699
2.40571
2.35576
2.29131
2.24055
2.21960
2.23008
2.28003
2.35496
2.40894
2.41216
2.39202
2.33401
2.27922
2.23975
2.23330
2.26069
2.30823
2.36624
2.40088
2.39846
2.35818
2.29856
2.25183
2.23411
2.24941
2.29614
2.35737
2.40571
2.42021
2.39685
2.34448
2.28406
2.24700
2.23813
2.25828
2.30339
2.35334
2.38718
2.38477
2.35415
2.31145
2.26956
2.24297
2.25666
2.28809
2.33965
2.38235
2.39846
2.37993
2.32917
2.28083
2.24539
2.22927
2.25908
2.30742
2.36301
2.39766
2.40168
2.36946
2.32112
2.27922
2.25908
2.26472
2.29453
2.33320
2.37026
2.38154
2.36301
2.32756
2.28245
2.24861
2.24700
2.27358
2.32112
2.35576
2.38638
2.38074
2.35093
2.30903
2.27600
2.26150
2.26875
2.29614
2.33401
2.35657
2.35334
2.34529
2.31709
2.29131
2.27681
2.27600
2.29614
2.32354
2.36140
2.37510
2.36543
2.33723
2.30339
2.27600
2.26392
2.27197
2.29453
2.32273
2.35254
2.36301
2.34851
2.33079
2.30178
2.28003
2.27681
2.29131
2.31628
2.34045
2.35254
2.34529
2.32273
2.30178
2.28809
2.28486
2.29373
2.31145
2.33643
2.35496
2.35415
2.34045
2.31467
2.28970
2.27358
2.27117
2.29050
max: 2.42021	min: 2.21960	range: 0.20061	avg: 2.28567
Baseline Samples
2.31306
2.30984
2.30823
2.31145
2.32434
2.33079
2.32676
2.32273
2.31548
2.31226
2.30742
2.31145
2.32756
2.32595
2.31145
2.32515
2.32354
2.31870
2.31387
2.30903
2.30581
2.32112
2.32515
2.32515
2.31790
2.31306
2.30903
2.30903
2.32273
2.33320
2.32837
2.32354
2.31790
2.31387
2.30823
2.30742
2.32273
2.32354
2.32031
2.31628
2.31145
2.30259
2.31709
2.32837
2.33079
2.32756
2.32354
2.31628
2.31064
2.29937
2.31467
2.32756
2.33159
2.32676
2.32112
2.31467
2.31226
2.30098
2.31387
2.32676
2.32192
2.32112
2.31628
2.31226
2.30581
2.31709
2.32192
2.32434
2.32112
2.31548
2.31064
2.30581
2.31870
2.32917
2.32676
2.32192
2.31548
2.31064
2.30500
2.31870
2.32756
2.33079
2.32515
2.32031
2.31628
2.31064
2.30742
2.31870
2.33079
2.32917
2.32434
2.31870
2.31548
2.30984
2.30742
2.32434
2.32515
2.32595
2.32112
2.31628
2.30984
2.30903
2.32354
2.32434
2.32515
2.32192
2.31628
2.30984
2.30742
2.32031
2.32998
2.33159
2.32595
2.32031
2.31387
2.31064
2.30823
2.32273
2.33079
2.32917
2.32434
2.31870
2.31548
2.30903
2.30823
2.32434
2.33401
2.32837
2.32354
2.31870
2.31467
2.30662
2.30742
2.32192
2.33320
2.32917
2.32273
2.31709
2.31387
2.30903
2.31064
2.32273
2.33240
2.32837
2.32354
2.31790
2.31226
2.30581
2.30903
2.32515
2.33401
2.32756
2.32192
2.31790
2.31387
2.30742
2.31064
2.32354
2.31870
2.32354
2.32031
2.31467
2.30984
2.30662
2.32192
2.33159
2.32998
2.32354
2.32031
2.31467
2.30903
2.30500
2.32192
2.32917
2.32837
2.32434
2.32031
2.31226
2.30903
2.30581
2.32192
2.32434
2.32434
2.31790
2.31387
2.30742
2.30742
2.32273
2.32354
2.32273
2.31790
2.31467
2.30903
2.30500
2.32192
2.33159
2.32837
2.32273
2.31790
2.31226
2.30581
2.30662
2.32273
2.33079
2.32837
2.30420
2.31548
2.31226
2.32112
2.32031
2.31548
2.30984
2.30178
2.31628
2.31870
2.32354
2.31790
2.31467
2.30984
2.30823
2.31709
2.31870
2.32354
2.31870
2.31387
2.30823
2.30581
2.32112
2.32837
2.32354
2.31870
2.31387
2.30742
2.30823
2.32192
2.33079
2.32917
2.32434
2.31790
2.31226
2.30903
2.30581
2.31790
2.33240
2.32917
2.32273
2.31709
2.31387
2.30823
2.30742
2.32192
2.32031
2.32192
2.31790
2.31387
2.30823
max: 2.33401	min: 2.29937	range: 0.03464	avg: 2.31226
previous capture range: 0.20061
Triggered capture
2.33401
2.32676
2.31790
2.30984
2.30500
2.30500
2.30984
2.31548
2.32031
2.32192
2.30903
2.29937
2.29453
2.29453
2.30420
2.31387
2.33320
2.34368
2.34690
2.33965
2.32354
2.30500
2.29131
2.28567
2.29131
2.30742
2.32434
2.33481
2.32595
2.31790
2.30903
2.28970
2.27842
2.29050
2.30903
2.33481
2.35415
2.35737
2.34126
2.31226
2.28164
2.26069
2.25908
2.27278
2.31145
2.35012
2.37268
2.37188
2.34609
2.30823
2.27600
2.26311
2.27681
2.30823
2.34690
2.37349
2.37510
2.34771
2.30420
2.26150
2.23250
2.23813
2.28164
2.33320
2.37993
2.40007
2.37913
2.33481
2.28245
2.24539
2.23733
2.25908
2.30420
2.35415
2.38315
2.38154
2.35334
2.30420
2.25586
2.22927
2.25344
2.29373
2.35415
2.39604
2.40491
2.37188
2.31145
2.25505
2.22122
2.22041
2.26230
2.33079
2.39363
2.42021
2.40732
2.35334
2.28970
2.24458
2.23250
2.25264
2.30823
2.36785
2.40491
2.40007
2.35496
2.29131
2.23411
2.21477
2.23652
2.29050
2.35254
2.39846
2.41780
2.38557
2.32434
2.26633
2.23008
2.22605
2.26150
2.31548
2.37026
2.39363
2.38315
2.34287
2.28970
2.24780
2.24297
2.26553
2.31628
2.37188
2.40571
2.40249
2.36140
2.30581
2.25505
2.22766
2.23733
2.26875
2.32031
2.36785
2.39202
2.38477
2.34287
2.29453
2.25264
2.24458
2.26392
2.30742
2.35496
2.38557
2.38315
2.34932
2.30339
2.25666
2.23411
2.24458
2.27842
2.33079
2.36946
2.39282
2.38154
2.34448
2.30098
2.26392
2.24700
2.25666
2.28970
2.32998
2.35576
2.36704
2.35415
2.32192
2.28486
2.27036
2.27197
2.29534
2.33079
2.36382
2.37993
2.36543
2.33159
2.29131
2.26311
2.25505
2.26875
2.29937
2.33401
2.35898
2.36301
2.34851
2.31709
2.28809
2.27278
2.27358
2.29775
2.32756
2.35173
2.36060
2.34771
2.32031
2.28809
2.25747
2.25747
2.27520
2.30903
2.34207
2.36221
2.36624
2.34932
2.31709
2.29050
2.27278
2.26875
2.28809
2.31306
2.33481
2.34932
2.34368
2.32515
2.29614
2.27197
2.27600
2.29292
2.31870
2.34207
2.35496
2.35012
2.32676
2.30259
2.28003
2.26875
2.27036
2.29292
2.32434
2.34851
2.35737
2.35254
2.33079
2.30742
2.29131
2.29050
2.30178
2.32031
2.33723
2.34448
2.33481
2.31870
2.29775
2.27842
2.27197
2.28325
2.30742
2.33320
2.35012
2.35012
2.33965
max: 2.42021	min: 2.21477	range: 0.20544	avg: 2.33965
Baseline Samples
2.32192
2.32031
2.31467
2.30984
2.30420
2.30420
2.32031
2.32756
2.32273
2.31628
2.30662
2.29937
2.31387
2.32434
2.31870
2.32192
2.31709
2.31387
2.30742
2.30098
2.31709
2.32031
2.32192
2.31709
2.31064
2.30823
2.32031
2.32192
2.32917
2.32595
2.32192
2.31467
2.30984
2.30420
2.30823
2.32434
2.32354
2.31709
2.31226
2.30984
2.30420
2.31870
2.32192
2.32112
2.31870
2.31467
2.30823
2.30420
2.32112
2.32998
2.32998
2.32434
2.31709
2.31467
2.31064
2.30420
2.31870
2.32273
2.32112
2.31790
2.31145
2.30662
2.31145
2.32676
2.31870
2.32112
2.31467
2.31145
2.30984
2.31226
2.32434
2.31951
2.32273
2.31790
2.31145
2.29534
2.31387
2.32515
2.32756
2.32192
2.31628
2.31145
2.30742
2.31064
2.32354
2.33159
2.32837
2.32273
2.31628
2.31064
2.30742
2.30903
2.32434
2.31709
2.32273
2.32031
2.31548
2.30984
2.30420
2.31870
2.32354
2.32434
2.31870
2.31387
2.30903
2.30662
2.32273
2.32354
2.32273
2.31870
2.31467
2.30903
2.30581
2.32031
2.32434
2.32354
2.31790
2.31145
2.30823
2.30581
2.32434
2.32837
2.32112
2.31628
2.31226
2.30581
2.30984
2.32354
2.31628
2.32273
2.31790
2.30984
2.30662
2.31064
2.32434
2.32756
2.32112
2.31628
2.31226
2.30823
2.30903
2.32273
2.33159
2.32837
2.32273
2.31548
2.31064
2.30581
2.31064
2.32354
2.31548
2.32031
2.31628
2.31064
2.30662
2.31064
2.32354
2.32192
2.32112
2.31709
2.31145
2.30823
2.30742
2.31870
2.32354
2.32192
2.32031
2.31226
2.30742
2.30500
2.32031
2.32837
2.32354
2.31709
2.31226
2.30984
2.30500
2.32112
2.32273
2.32354
2.32112
2.31548
2.30984
2.29937
2.31548
2.32354
2.32515
2.32031
2.31548
2.31064
2.30662
2.31145
2.32354
2.32354
2.31709
2.31226
2.30823
2.31064
2.31790
2.31387
2.30903
2.32515
2.32112
2.31467
2.30984
2.30339
2.31790
2.32192
2.32515
2.31467
2.31790
2.31467
2.30823
2.30581
2.31870
2.32837
2.32434
2.32031
2.31387
2.30903
2.30259
2.31790
2.32273
2.32354
2.31628
2.31709
2.30984
2.30903
2.30581
2.31790
2.32192
2.32434
2.32112
2.31548
2.30903
2.29453
2.31467
2.32676
2.32192
2.31709
2.31226
2.30903
2.30742
2.32192
2.32273
2.31870
2.31467
2.30823
2.30420
2.32031
2.32354
2.32192
2.31548
2.30903
2.29856
2.31548
max: 2.33159	min: 2.29453	range: 0.03706	avg: 2.31064
previous capture range: 0.20544
